              0        13.1727        17.1075
              1        12.0823        15.2658
              2        10.5409        13.3948
              3        9.75153        12.1051
              4        9.40005        11.0766
              5         8.7595        10.4692
              6        8.09251        9.82974
              7        7.73847        9.07798
              8        7.48526        8.45405
              9        7.42713        8.03091
             10        7.10171        7.75647
             11        7.10171        7.65641
             12        6.89539         7.5222
             13        6.70653        7.40514
             14        6.61623        7.09048
             15         6.5837        6.85814
             16        6.40595        6.75711
             17        6.20265        6.75927
             18        6.16627         6.7948
             19        6.16627        6.70818
             20        6.13767        6.50731
             21        6.02666        6.46225
             22        6.02666        6.34113
             23        5.85828        6.25255
             24        5.85828        6.13978
             25        5.85828        6.04875
             26        5.75938        5.95716
             27        5.75938        5.89301
             28        5.69261        5.83202
             29        5.69261        6.02977
             30        5.61054        6.15856
             31        5.61054        6.12099
             32        5.59371        5.86848
             33        5.51164        5.74433
             34        5.49109        5.69424
             35        5.49109        5.63703
             36        5.38212        5.60978
             37        5.36158        5.52419
             38        5.36158        5.47612
             39        5.36158        5.44181
             40        5.36158        5.43256
             41        5.36158        5.41436
             42        5.34196        5.36365
             43        5.32977         5.3786
             44        5.32977        5.40148
             45        5.31586        5.38447
             46        5.31586        5.44641
             47        5.27574         5.3968
             48        5.13145        5.36054
             49        5.13145        5.35863
             50        4.93202         5.2686
             51        4.93202        5.38573
             52        4.93202        5.41023
             53        4.93202        5.19689
             54        4.93202        5.09946
             55        4.93202        5.03399
             56        4.93202        4.98296
             57        4.93202        4.95347
             58        4.93202        4.96677
             59        4.93202        4.95664
             60        4.93202        4.97915
             61        4.93202        4.96139
             62        4.93202        4.94562
             63        4.92235        4.98069
             64        4.92235         4.9892
             65        4.92235        5.03121
             66        4.92235        4.98174
             67        4.92235        4.98461
             68        4.92235        5.01184
             69        4.92235        5.02033
             70        4.92235        4.95899
             71        4.90092        4.97586
             72        4.90092        4.97189
             73        4.90092        5.01156
             74        4.90092        5.00582
             75        4.76793         4.9653
             76        4.76793        4.93352
             77        4.76793        4.88229
             78        4.74379        4.88411
             79        4.74379        4.86784
             80        4.74379        4.78727
             81        4.74379        4.79639
             82        4.74379        4.82622
             83        4.71213         4.7965
             84        4.68885        4.95485
             85        4.68885        5.18202
             86        4.68885        5.32327
             87        4.68885        5.07516
             88        4.68885         4.9351
             89        4.68885        4.85004
             90        4.68885        4.77108
             91        4.68885        4.73788
             92        4.68885         4.7596
             93        4.68885        4.72565
             94        4.68885        4.71078
             95        4.68885        4.73003
             96        4.68885        4.71591
             97        4.68885        4.70311
             98        4.68885        4.73482
             99        4.68885        4.74031
            100        4.68885        4.74556
            101        4.68885         4.7392
            102        4.68885         4.7621
            103        4.68885        4.72067
            104        4.68885        4.72232
            105        4.68885        4.71164
            106        4.68885        4.69942
            107        4.68885        4.72488
            108        4.68885        4.76026
            109        4.68885        4.73677
            110        4.68885        4.73565
            111        4.68885        4.72842
            112        4.68885        4.74817
            113        4.68885        4.71755
            114        4.68885        4.73066
            115        4.68885        4.70546
            116        4.68885        4.73479
            117        4.68885        4.74234
            118        4.68885        4.77298
            119        4.68885        4.76936
            120        4.68885         4.7628
            121        4.68885        4.76738
            122        4.68885        4.74723
            123        4.68885        4.74381
            124        4.68885        4.71652
            125        4.68885        4.75505
            126        4.68885        4.73975
            127        4.68885        4.72048
            128        4.68885        4.69152
            129        4.68885        4.72617
            130        4.68885        4.71185
            131        4.68885        4.74216
            132        4.68885        4.78069
            133        4.68885        4.72818
            134        4.68885        4.72131
            135        4.68885        4.72489
            136        4.68885        4.71989
            137        4.68885        4.76311
            138        4.68885        4.75164
            139        4.68885        4.73666
            140        4.68885        4.74486
            141        4.68885        4.73024
            142        4.68885        4.74316
            143        4.68885         4.7269
            144        4.68885        4.76292
            145        4.68885        4.76471
            146        4.68885        4.76252
            147        4.68885        4.75958
            148        4.68885        4.74681
            149        4.68885        4.73759
            150        4.68885        4.69927
            151        4.68885        4.70438
            152        4.68885        4.71544
            153        4.68885        4.72901
            154        4.68885         4.7127
            155        4.68885        4.72068
            156        4.68885        4.75962
            157        4.68885        4.74487
            158        4.68885        4.72066
            159        4.68885        4.73954
            160        4.68885        4.75211
            161        4.68885        4.75247
            162        4.68885        4.73208
            163        4.68885        4.72161
            164        4.68885        4.74781
            165        4.68885        4.73151
            166        4.68885        4.72182
            167        4.68885        4.73817
            168        4.68885        4.78184
            169        4.68885        4.74837
            170        4.68885        4.73153
            171        4.68885        4.73089
            172        4.68885         4.7443
            173        4.68885        4.74132
            174        4.68885        4.73325
            175        4.68885         4.7259
            176        4.68885        4.70489
            177        4.68885        4.70379
            178        4.68885        4.72195
            179        4.68885        4.71372
            180        4.68885        4.74313
            181        4.68885        4.73986
            182        4.68885        4.74172
            183        4.68885        4.71066
            184        4.68885        4.73434
            185        4.68885        4.72785
            186        4.68885        4.72511
            187        4.68885        4.74606
            188        4.68885        4.74873
            189        4.68885        4.71146
            190        4.68885        4.71188
            191        4.68885        4.70128
            192        4.68885        4.71891
            193        4.68885          4.718
            194        4.68885        4.76235
            195        4.68885        4.77254
            196        4.68885        4.76866
            197        4.68885        4.71395
            198        4.68885        4.73457
            199        4.68885        4.74725
            200        4.68885        4.71826
            201        4.68885        4.74442
            202        4.68885        4.73805
            203        4.68885        4.72374
            204        4.68885        4.72028
            205        4.68885        4.71698
            206        4.68885         4.6994
            207        4.68885         4.7267
            208        4.68885        4.72628
            209        4.68885        4.72204
            210        4.68885        4.72284
            211        4.68885        4.73396
            212        4.68885        4.72784
            213        4.68885        4.75259
            214        4.68885        4.73088
            215        4.68885        4.73862
            216        4.68885        4.75125
            217        4.68885        4.72859
            218        4.68885        4.74394
            219        4.68885        4.71052
            220        4.68885        4.71996
            221        4.68885        4.77237
            222        4.68885        4.74376
            223        4.68885        4.71112
            224        4.68885        4.73278
            225        4.68885        4.74035
            226        4.68885         4.7435
            227        4.68885        4.74369
            228        4.68885        4.76658
            229        4.68885        4.72921
            230        4.68885         4.7556
            231        4.68885        4.73456
            232        4.68885        4.75752
            233        4.68885        4.77616
            234        4.68885        4.75108
            235        4.68885        4.75119
            236        4.68885        4.73973
            237        4.68885        4.73027
            238        4.68885        4.70268
            239        4.68885        4.71893
            240        4.68885        4.73955
            241        4.68885         4.7243
            242        4.68885        4.74707
            243        4.68885        4.71401
            244        4.68885         4.7215
            245        4.68885        4.73094
            246        4.68885        4.70927
            247        4.68885        4.75699
            248        4.68885        4.74058
            249        4.68885        4.72819
            250        4.68885        4.73475
            251        4.68885        4.70745
            252        4.68885        4.73268
            253        4.68885        4.74789
            254        4.68885        4.75513
            255        4.68885         4.7024
            256        4.68885        4.69189
            257        4.68885          4.709
            258        4.68885        4.73414
            259        4.68885        4.70918
            260        4.68885        4.72364
            261        4.68885        4.73751
            262        4.68885        4.74656
            263        4.68885        4.72552
            264        4.68885        4.77226
            265        4.68885        4.74718
            266        4.68885        4.70857
            267        4.68885        4.69967
            268        4.68885        4.72559
            269        4.68885        4.73417
            270        4.68885        4.76519
            271        4.68885        4.70954
            272        4.68885        4.71497
            273        4.68885        4.71914
            274        4.68885         4.7089
            275        4.68885        4.71474
            276        4.68885        4.69625
            277        4.68885        4.69983
            278        4.68885        4.73232
            279        4.68885        4.73201
            280        4.68885        4.70258
            281        4.68885        4.70691
            282        4.68885        4.70083
            283        4.68885        4.70126
            284        4.68885        4.78076
            285        4.68885        4.75004
            286        4.68885        4.74978
            287        4.68885        4.75467
            288        4.68885         4.7096
            289        4.68885        4.74578
            290        4.68885        4.77363
            291        4.68885        4.73149
            292        4.68885        4.73154
            293        4.68885        4.73506
            294        4.68885         4.7375
            295        4.68885        4.74064
            296        4.68885        4.72368
            297        4.68885        4.74602
            298        4.68885        4.72949
            299        4.68885        4.77562
            300        4.68885        4.76339
            301        4.68885        4.74151
            302        4.68885         4.7172
            303        4.68885        4.71499
            304        4.68885        4.75399
            305        4.68885        4.75674
            306        4.68885        4.75101
            307        4.68885        4.71534
            308        4.68885        4.72312
            309        4.68885        4.71654
            310        4.68885        4.73166
            311        4.68885        4.71213
            312        4.68885        4.71367
            313        4.68885         4.7172
            314        4.68885        4.72148
            315        4.68885        4.76146
            316        4.68885        4.72078
            317        4.68885        4.74211
            318        4.68885         4.7573
            319        4.68885        4.71833
            320        4.68885        4.70885
            321        4.68885        4.73628
            322        4.68885        4.73593
            323        4.68885        4.70435
            324        4.68885        4.70467
            325        4.68885        4.70391
            326        4.68885        4.71464
            327        4.68885        4.70216
            328        4.68885        4.70848
            329        4.68885        4.72364
            330        4.68885        4.73233
            331        4.68885        4.74072
            332        4.68885          4.733
            333        4.68885         4.7725
            334        4.68885        4.75617
            335        4.68885         4.7264
            336        4.68885        4.72203
            337        4.68885        4.71301
            338        4.68885        4.75236
            339        4.68885        4.71378
            340        4.68885        4.74272
            341        4.68885        4.72167
            342        4.68885        4.73303
            343        4.68885        4.71735
            344        4.68885        4.73659
            345        4.68885        4.76049
            346        4.68885        4.73643
            347        4.68885        4.72445
            348        4.68885        4.75536
            349        4.68885        4.76382
            350        4.68885        4.79727
            351        4.68885        4.74984
            352        4.68885        4.77208
            353        4.68885        4.77023
            354        4.68885        4.73605
            355        4.68885        4.71595
            356        4.68885        4.74274
            357        4.68885          4.728
            358        4.68885        4.70118
            359        4.68885        4.76797
            360        4.68885        4.75417
            361        4.68885        4.75347
            362        4.68885        4.73856
            363        4.68885        4.70156
            364        4.68885        4.74755
            365        4.68885        4.74968
            366        4.68885        4.70945
            367        4.68885        4.71766
            368        4.68885        4.73707
            369        4.68885        4.74218
            370        4.68885        4.71269
            371        4.68885        4.71479
            372        4.68885        4.72501
            373        4.68885        4.69373
            374        4.68885        4.73014
            375        4.68885        4.71774
            376        4.68885        4.72303
            377        4.68885        4.73329
            378        4.68885        4.73559
            379        4.68885        4.75205
            380        4.68885        4.72814
            381        4.68885        4.71193
            382        4.68885        4.74405
            383        4.68885         4.7357
            384        4.68885        4.75369
            385        4.68885        4.73298
            386        4.68885        4.74914
            387        4.68885        4.72803
            388        4.68885        4.74982
            389        4.68885        4.74144
            390        4.68885         4.7159
            391        4.68885         4.6945
            392        4.68885        4.75171
            393        4.68885        4.75025
            394        4.68885        4.71853
            395        4.68885        4.73077
            396        4.68885        4.73361
            397        4.68885        4.70559
            398        4.68885        4.76913
            399        4.68885        4.74812
            400        4.68885        4.76912
            401        4.68885        4.74061
            402        4.68885        4.75823
            403        4.68885        4.72728
            404        4.68885        4.77009
            405        4.68885        4.72828
            406        4.68885        4.73002
            407        4.68885        4.74134
            408        4.68885        4.71049
            409        4.68885        4.81907
            410        4.68885        4.82067
            411        4.68885        4.76159
            412        4.68885        4.72829
            413        4.68885        4.76215
            414        4.68885        4.73826
            415        4.68885        4.71542
            416        4.68885        4.72638
            417        4.68885        4.74158
            418        4.68885        4.74601
            419        4.68885        4.73013
            420        4.68885        4.75684
            421        4.68885        4.74287
            422        4.68885        4.74735
            423        4.68885        4.81521
            424        4.68885         4.7716
            425        4.68885        4.79728
            426        4.68885        4.76893
            427        4.68885        4.77095
            428        4.68885        4.71932
            429        4.68885        4.74402
            430        4.68885        4.73531
            431        4.68885        4.72963
            432        4.68885        4.72853
            433        4.68885        4.74421
            434        4.68885         4.7133
            435        4.68885        4.71829
            436        4.68885        4.70198
            437        4.68885        4.70197
            438        4.68885        4.73385
            439        4.68885        4.76919
            440        4.68885        4.75631
            441        4.68885        4.77557
            442        4.68885        4.71357
            443        4.68885        4.73095
            444        4.68885        4.72505
            445        4.68885        4.71616
            446        4.68885        4.72044
            447        4.68885        4.72821
            448        4.68885        4.69524
            449        4.68885        4.69059
            450        4.68885         4.7039
            451        4.68885        4.74996
            452        4.68885        4.76282
            453        4.68885        4.75749
            454        4.68885        4.70941
            455        4.68885         4.7085
            456        4.68885        4.69258
            457        4.68885        4.72265
            458        4.68885        4.77566
            459        4.68885        4.76676
            460        4.68885        4.76806
            461        4.68885        4.77638
            462        4.68885        4.71768
            463        4.68885        4.70188
            464        4.68885        4.73534
            465        4.68885        4.73997
            466        4.68885        4.72521
            467        4.68885        4.72158
            468        4.68885        4.75394
            469        4.68885        4.73363
            470        4.68885        4.74738
            471        4.68885        4.74373
            472        4.68885        4.76951
            473        4.68885        4.72046
            474        4.68885        4.72997
            475        4.68885        4.73461
            476        4.68885        4.72205
            477        4.68885        4.73894
            478        4.68885        4.72562
            479        4.68885         4.7125
            480        4.68885        4.70828
            481        4.68885         4.7338
            482        4.68885        4.73492
            483        4.68885        4.73711
            484        4.68885        4.71019
            485        4.68885        4.72794
            486        4.68885         4.7065
            487        4.68885        4.73271
            488        4.68885        4.76038
            489        4.68885        4.75169
            490        4.68885        4.71899
            491        4.68885        4.73419
            492        4.68885        4.75478
            493        4.68885        4.72553
            494        4.68885         4.7239
            495        4.68885        4.73463
            496        4.68885        4.72115
            497        4.68885        4.73246
            498        4.68885        4.72452
            499        4.68885          4.699
            500        4.68885        4.73052
            501        4.68885        4.71458
            502        4.68885        4.71827
            503        4.68885        4.70236
            504        4.68885        4.72665
            505        4.68885        4.70961
            506        4.68885        4.73935
            507        4.68885        4.73554
            508        4.68885        4.70254
            509        4.68885        4.72477
            510        4.68885        4.70092
            511        4.68885        4.74551
            512        4.68885        4.72823
            513        4.68885        4.74604
            514        4.68885        4.71559
            515        4.68885         4.7356
            516        4.68885        4.74191
            517        4.68885        4.72036
            518        4.68885        4.78227
            519        4.68885        4.79268
            520        4.68885        4.77745
            521        4.68885        4.76714
            522        4.68885        4.73461
            523        4.68885        4.74748
            524        4.68885        4.75544
            525        4.68885        4.76191
            526        4.68885        4.72344
            527        4.68885        4.71126
            528        4.68885        4.69868
            529        4.68885        4.71471
            530        4.68885        4.74775
            531        4.68885         4.7347
            532        4.68885        4.69997
            533        4.68885        4.72478
            534        4.68885        4.74052
            535        4.68885        4.73157
            536        4.68885        4.76066
            537        4.68885        4.75438
            538        4.68885        4.75027
            539        4.68885        4.74597
            540        4.68885        4.71287
            541        4.68885         4.7322
            542        4.68885        4.73073
            543        4.68885        4.72667
            544        4.68885        4.76213
            545        4.68885        4.69975
            546        4.68885        4.70186
            547        4.68885        4.74066
            548        4.68885        4.71978
            549        4.68885        4.73587
            550        4.68885        4.72805
            551        4.68885        4.72497
            552        4.68885        4.69275
            553        4.68885        4.69427
            554        4.68885        4.70788
            555        4.68885        4.73242
            556        4.68885        4.72005
            557        4.68885        4.78207
            558        4.68885        4.77059
            559        4.68885         4.7562
            560        4.68885        4.70702
            561        4.68885        4.70762
            562        4.68885        4.73861
            563        4.68885        4.73432
            564        4.68885         4.7608
            565        4.68885        4.77458
            566        4.68885        4.74441
            567        4.68885        4.72334
            568        4.68885        4.73707
            569        4.68885        4.72672
            570        4.68885        4.75409
            571        4.68885        4.70439
            572        4.68885        4.70605
            573        4.68885        4.70965
            574        4.68885        4.70027
            575        4.68885        4.71771
            576        4.68885        4.74483
            577        4.68885         4.7428
            578        4.68885        4.74749
            579        4.68885         4.7239
            580        4.68885        4.71783
            581        4.68885        4.74196
            582        4.68885        4.75147
            583        4.68885        4.71799
            584        4.68885        4.75409
            585        4.68885         4.7358
            586        4.68885        4.74711
            587        4.68885        4.76325
            588        4.68885        4.76743
            589        4.68885         4.7461
            590        4.68885        4.72323
            591        4.68885        4.74445
            592        4.68885        4.72998
            593        4.68885        4.73823
            594        4.68885        4.75307
            595        4.68885        4.73676
            596        4.68885         4.7621
            597        4.68885        4.72559
            598        4.68885        4.74864
            599        4.68885        4.70404
            600        4.68885        4.70243
            601        4.68885        4.70829
            602        4.68885        4.73599
            603        4.68885        4.79199
            604        4.68885        4.72789
            605        4.68885        4.76705
            606        4.68885         4.7593
            607        4.68885        4.73737
            608        4.68885        4.76099
            609        4.68885        4.73951
            610        4.68885         4.7315
            611        4.68885        4.77219
            612        4.68885        4.77207
            613        4.68885        4.74163
            614        4.68885        4.74825
            615        4.68885        4.74782
            616        4.68885        4.72167
            617        4.68885        4.73552
            618        4.68885        4.72634
            619        4.68885        4.76006
            620        4.68885        4.77899
            621        4.68885        4.75934
            622        4.68885        4.72316
            623        4.68885        4.69798
            624        4.68885        4.70554
            625        4.68885        4.71767
            626        4.68885        4.72643
            627        4.68885        4.74793
            628        4.68885        4.72817
            629        4.68885        4.73235
            630        4.68885        4.75341
            631        4.68885        4.69841
            632        4.68885        4.70331
            633        4.68885        4.70371
            634        4.68885        4.71069
            635        4.68885        4.72586
            636        4.68885        4.76973
            637        4.68885         4.8215
            638        4.68885        4.75852
            639        4.68885        4.74697
            640        4.68885        4.71967
            641        4.68885        4.74617
            642        4.68885         4.7347
            643        4.68885        4.73037
            644        4.68885        4.76774
            645        4.68885         4.7599
            646        4.68885        4.72167
            647        4.68885        4.73595
            648        4.68885        4.73345
            649        4.68885        4.72497
            650        4.68885        4.76174
            651        4.68885        4.75907
            652        4.68885        4.76897
            653        4.68885        4.74472
            654        4.68885        4.75572
            655        4.68885        4.75057
            656        4.68885         4.7426
            657        4.68885        4.78082
            658        4.68885        4.72979
            659        4.68885        4.75386
            660        4.68885        4.68885
            661        4.68885        4.72241
            662        4.68885        4.73738
            663        4.68885        4.74347
            664        4.68885         4.7462
            665        4.68885         4.7662
            666        4.68885        4.76356
            667        4.68885        4.76021
            668        4.68885        4.75766
            669        4.68885        4.75984
            670        4.68885        4.72635
            671        4.68885        4.72933
            672        4.68885        4.71788
            673        4.68885        4.71322
            674        4.68885        4.73494
            675        4.68885        4.76698
            676        4.68885        4.75364
            677        4.68885        4.72697
            678        4.68885        4.77322
            679        4.68885        4.71479
            680        4.68885        4.70761
            681        4.68885         4.7267
            682        4.68885        4.73519
            683        4.68885        4.71989
            684        4.68885        4.72152
            685        4.68885         4.7316
            686        4.68885        4.71489
            687        4.68885        4.76016
            688        4.68885        4.76828
            689        4.68885        4.71648
            690        4.68885        4.72928
            691        4.68885        4.73302
            692        4.68885        4.73457
            693        4.68885        4.76248
            694        4.68885        4.73583
            695        4.68885        4.71939
            696        4.68885        4.73975
            697        4.68885        4.73227
            698        4.68885        4.78044
            699        4.68885         4.7599
            700        4.68885        4.75874
            701        4.68885        4.71562
            702        4.68885        4.70063
            703        4.68885        4.71328
            704        4.68885        4.71252
            705        4.68885        4.70776
            706        4.68885        4.69959
            707        4.68885        4.75023
            708        4.68885        4.71064
            709        4.68885        4.74658
            710        4.68885        4.75089
            711        4.68885        4.77404
            712        4.68885        4.75355
            713        4.68885        4.72346
            714        4.68885        4.73238
            715        4.68885        4.74501
            716        4.68885        4.72987
            717        4.68885        4.73158
            718        4.68885        4.72233
            719        4.68885        4.73918
            720        4.68885        4.70888
            721        4.68885         4.7582
            722        4.68885        4.76896
            723        4.68885        4.75212
            724        4.68885        4.69867
            725        4.68885        4.72495
            726        4.68885        4.73006
            727        4.68885        4.74744
            728        4.68885        4.70463
            729        4.68885        4.70877
            730        4.68885        4.73645
            731        4.68885        4.71533
            732        4.68885         4.7288
            733        4.68885        4.72584
            734        4.68885        4.72251
            735        4.68885        4.74024
            736        4.68885        4.74615
            737        4.68885        4.75238
            738        4.68885        4.73111
            739        4.68885        4.70659
            740        4.68885        4.71836
            741        4.68885        4.75495
            742        4.68885        4.74686
            743        4.68885        4.74339
            744        4.68885        4.72634
            745        4.68885        4.74981
            746        4.68885        4.73239
            747        4.68885        4.71842
            748        4.68885        4.74004
            749        4.68885        4.72874
            750        4.68885        4.72945
            751        4.68885        4.69998
            752        4.68885        4.70273
            753        4.68885        4.71594
            754        4.68885        4.72177
            755        4.68885        4.72021
            756        4.68885         4.7219
            757        4.68885        4.71837
            758        4.68885        4.73093
            759        4.68885        4.74651
            760        4.68885        4.74127
            761        4.68885        4.72929
            762        4.68885        4.71917
            763        4.68885        4.69357
            764        4.68885        4.70485
            765        4.68885        4.77149
            766        4.68885        4.75663
            767        4.68885        4.76694
            768        4.68885        4.74365
            769        4.68885        4.72243
            770        4.68885         4.7372
            771        4.68885         4.7357
            772        4.68885        4.75743
            773        4.68885        4.71624
            774        4.68885        4.75247
            775        4.68885        4.75018
            776        4.68885        4.76569
            777        4.68885        4.73017
            778        4.68885        4.72145
            779        4.68885        4.71676
            780        4.68885        4.75272
            781        4.68885        4.83115
            782        4.68885        4.81403
            783        4.68885        4.76716
            784        4.68885        4.76662
            785        4.68885        4.75807
            786        4.68885        4.78305
            787        4.68885        4.72577
            788        4.68885        4.77909
            789        4.68885        4.73595
            790        4.68885        4.71533
            791        4.68885        4.72909
            792        4.68885        4.73657
            793        4.68885        4.71731
            794        4.68885        4.75013
            795        4.68885        4.73055
            796        4.68885        4.75793
            797        4.68885        4.77979
            798        4.68885         4.7374
            799        4.68885        4.74687
            800        4.68885        4.74303
            801        4.68885        4.76127
            802        4.68885        4.73948
            803        4.68885        4.74863
            804        4.68885        4.70819
            805        4.68885        4.77573
            806        4.68885        4.78958
            807        4.68885        4.75837
            808        4.68885        4.73879
            809        4.68885        4.72161
            810        4.68885        4.71081
            811        4.68885        4.75985
            812        4.68885        4.80045
            813        4.68885        4.75429
            814        4.68885        4.75047
            815        4.68885        4.71943
            816        4.68885        4.76115
            817        4.68885        4.72216
            818        4.68885         4.7522
            819        4.68885        4.73916
            820        4.68885        4.78266
            821        4.68885         4.7885
            822        4.68885        4.72175
            823        4.68885        4.76618
            824        4.68885        4.73469
            825        4.68885        4.69141
            826        4.68885        4.72298
            827        4.68885        4.72769
            828        4.68885        4.73842
            829        4.68885        4.71903
            830        4.68885        4.74445
            831        4.68885        4.72781
            832        4.68885        4.72532
            833        4.68885        4.72212
            834        4.68885        4.70229
            835        4.68885        4.72618
            836        4.68885         4.7492
            837        4.68885        4.73784
            838        4.68885            4.8
            839        4.68885        4.75746
            840        4.68885        4.73346
            841        4.68885        4.71284
            842        4.68885        4.70919
            843        4.68885        4.69971
            844        4.68885        4.71061
            845        4.68885        4.75434
            846        4.68885        4.79523
            847        4.68885        4.76539
            848        4.68885        4.73337
            849        4.68885        4.76891
            850        4.68885        4.75089
            851        4.68885        4.74439
            852        4.68885        4.74191
            853        4.68885        4.73555
            854        4.68885        4.72918
            855        4.68885         4.7138
            856        4.68885        4.75649
            857        4.68885        4.76123
            858        4.68885        4.77325
            859        4.68885        4.77124
            860        4.68885        4.72439
            861        4.68885        4.71539
            862        4.68885        4.70467
            863        4.68885        4.72011
            864        4.68885        4.75006
            865        4.68885        4.74212
            866        4.68885        4.72596
            867        4.68885        4.72422
            868        4.68885        4.72242
            869        4.68885        4.72196
            870        4.68885        4.73247
            871        4.68885        4.76303
            872        4.68885         4.7405
            873        4.68885        4.74303
            874        4.68885        4.75495
            875        4.68885        4.74844
            876        4.68885        4.73993
            877        4.68885        4.73393
            878        4.68885        4.71875
            879        4.68885        4.72826
            880        4.68885        4.72793
            881        4.68885        4.75439
            882        4.68885        4.71815
            883        4.68885        4.74789
            884        4.68885        4.74471
            885        4.68885        4.78684
            886        4.68885        4.78546
            887        4.68885        4.77575
            888        4.68885        4.76704
            889        4.68885        4.81235
            890        4.68885        4.74892
            891        4.68885        4.73138
            892        4.68885         4.7532
            893        4.68885        4.72676
            894        4.68885        4.75378
            895        4.68885        4.81335
            896        4.68885        4.77036
            897        4.68885        4.78652
            898        4.68885        4.79282
            899        4.68885        4.74391
            900        4.68885        4.75103
            901        4.68885        4.73766
            902        4.68885         4.7566
            903        4.68885        4.73561
            904        4.68885        4.72035
            905        4.68885        4.72059
            906        4.68885        4.79003
            907        4.68885        4.73341
            908        4.68885        4.74307
            909        4.68885        4.72087
            910        4.68885        4.72484
            911        4.68885        4.73657
            912        4.68885        4.74127
            913        4.68885        4.74713
            914        4.68885        4.70563
            915        4.68885        4.72158
            916        4.68885        4.71142
            917        4.68885        4.72375
            918        4.68885        4.72945
            919        4.68885        4.71107
            920        4.68885        4.72099
            921        4.68885        4.70076
            922        4.68885        4.73795
            923        4.68885        4.71113
            924        4.68885        4.72459
            925        4.68885        4.75029
            926        4.68885        4.73657
            927        4.68885        4.73452
            928        4.68885        4.73655
            929        4.68885        4.73172
            930        4.68885         4.7372
            931        4.68885        4.76697
            932        4.68885        4.73508
            933        4.68885        4.74594
            934        4.68885        4.78088
            935        4.68885        4.71434
            936        4.68885        4.76704
            937        4.68885        4.73467
            938        4.68885        4.72571
            939        4.68885        4.74671
            940        4.68885        4.76988
            941        4.68885         4.7479
            942        4.68885        4.74794
            943        4.68885        4.73097
            944        4.68885        4.73285
            945        4.68885        4.71588
            946        4.68885        4.71993
            947        4.68885        4.72271
            948        4.68885        4.75197
            949        4.68885        4.73166
            950        4.68885        4.73563
            951        4.68885        4.76023
            952        4.68885        4.71572
            953        4.68885        4.73222
            954        4.68885        4.72819
            955        4.68885        4.72845
            956        4.68885         4.7264
            957        4.68885        4.74861
            958        4.68885         4.7349
            959        4.68885        4.74541
            960        4.68885        4.73377
            961        4.68885         4.7737
            962        4.68885        4.78198
            963        4.68885        4.75173
            964        4.68885        4.71395
            965        4.68885        4.72614
            966        4.68885        4.74053
            967        4.68885        4.73977
            968        4.68885        4.73853
            969        4.68885         4.7483
            970        4.68885        4.75141
            971        4.68885        4.73362
            972        4.68885        4.71437
            973        4.68885        4.72528
            974        4.68885        4.76156
            975        4.68885        4.74059
            976        4.68885        4.72917
            977        4.68885        4.72096
            978        4.68885        4.70469
            979        4.68885        4.72521
            980        4.68885        4.73455
            981        4.68885        4.70838
            982        4.68885        4.69753
            983        4.68885        4.71888
            984        4.68885        4.72471
            985        4.68885        4.77175
            986        4.68885        4.73972
            987        4.68885        4.72839
            988        4.68885        4.72632
            989        4.68885         4.7393
            990        4.68885        4.72304
            991        4.68885        4.70615
            992        4.68885        4.70836
            993        4.68885         4.7259
            994        4.68885        4.74154
            995        4.68885        4.73603
            996        4.68885        4.73419
            997        4.68885        4.70475
            998        4.68885        4.70081
            999        4.68885        4.71437
