              0        33.8289        40.9356
              1        28.6828        36.6523
              2        28.1253        32.6157
              3        27.3782        29.3998
              4        25.8318        28.1079
              5        23.2826        26.9099
              6        23.2826        25.0538
              7        23.0395        23.6172
              8        23.0395        23.2031
              9          22.97        23.0446
             10          22.97        23.0145
             11        22.8044        22.9691
             12        22.8044        22.8979
             13        22.8044        22.8044
             14        22.8044        22.8044
             15        22.8044        22.8044
             16        22.8044        22.8044
             17        22.8044        22.8044
             18        22.8044        22.8044
             19        22.8044        22.8044
             20        22.8044        22.8044
             21        22.8044        22.8044
             22        22.8044        22.8044
             23        22.8044        22.8044
             24        22.8044        22.8044
             25        22.8044        22.8044
             26        22.8044        22.8044
             27        22.8044        22.8044
             28        22.8044        22.8044
             29        22.8044        22.8044
             30        22.8044        22.8044
             31        22.8044        22.8044
             32        22.8044        22.8044
             33        22.8044        22.8044
             34        22.8044        22.8044
             35        22.8044        22.8044
             36        22.8044        22.8044
             37        22.8044        22.8044
             38        22.8044        22.8044
             39        22.8044        22.8044
             40        22.8044        22.8044
             41        22.8044        22.8044
             42        22.8044        22.8044
             43        22.8044        22.8044
             44        22.8044        22.8044
             45        22.8044        22.8044
             46        22.8044        22.8044
             47        22.8044        22.8044
             48        22.8044        22.8044
             49        22.8044        22.8044
             50        22.8044        22.8044
             51        22.8044        22.8044
             52        22.8044        22.8044
             53        22.8044        22.8044
             54        22.8044        22.8044
             55        22.8044        22.8044
             56        22.8044        22.8044
             57        22.8044        22.8044
             58        22.8044        22.8044
             59        22.8044        22.8044
             60        22.8044        22.8044
             61        22.8044        22.8044
             62        22.8044        22.8044
             63        22.8044        22.8044
             64        22.8044        22.8044
             65        22.8044        22.8044
             66        22.8044        22.8044
             67        22.8044        22.8044
             68        22.8044        22.8044
             69        22.8044        22.8044
             70        22.8044        22.8044
             71        22.8044        22.8044
             72        22.8044        22.8044
             73        22.8044        22.8044
             74        22.8044        22.8044
             75        22.8044        22.8044
             76        22.8044        22.8044
             77        22.8044        22.8044
             78        22.8044        22.8044
             79        22.8044        22.8044
             80        22.8044        22.8044
             81        22.8044        22.8044
             82        22.8044        22.8044
             83        22.8044        22.8044
             84        22.8044        22.8044
             85        22.8044        22.8044
             86        22.8044        22.8044
             87        22.8044        22.8044
             88        22.8044        22.8044
             89        22.8044        22.8044
             90        22.8044        22.8044
             91        22.8044        22.8044
             92        22.8044        22.8044
             93        22.8044        22.8044
             94        22.8044        22.8044
             95        22.8044        22.8044
             96        22.8044        22.8044
             97        22.8044        22.8044
             98        22.8044        22.8044
             99        22.8044        22.8044
            100        22.8044        22.8044
            101        22.8044        22.8044
            102        22.8044        22.8044
            103        22.8044        22.8044
            104        22.8044        22.8044
            105        22.8044        22.8044
            106        22.8044        22.8044
            107        22.8044        22.8044
            108        22.8044        22.8044
            109        22.8044        22.8044
            110        22.8044        22.8044
            111        22.8044        22.8044
            112        22.8044        22.8044
            113        22.8044        22.8044
            114        22.8044        22.8044
            115        22.8044        22.8044
            116        22.8044        22.8044
            117        22.8044        22.8044
            118        22.8044        22.8044
            119        22.8044        22.8044
            120        22.8044        22.8044
            121        22.8044        22.8044
            122        22.8044        22.8044
            123        22.8044        22.8044
            124        22.8044        22.8044
            125        22.8044        22.8044
            126        22.8044        22.8044
            127        22.8044        22.8044
            128        22.8044        22.8044
            129        22.8044        22.8044
            130        22.8044        22.8044
            131        22.8044        22.8044
            132        22.8044        22.8044
            133        22.8044        22.8044
            134        22.8044        22.8044
            135        22.8044        22.8044
            136        22.8044        22.8044
            137        22.8044        22.8044
            138        22.8044        22.8044
            139        22.8044        22.8044
            140        22.8044        22.8044
            141        22.8044        22.8044
            142        22.8044        22.8044
            143        22.8044        22.8044
            144        22.8044        22.8044
            145        22.8044        22.8044
            146        22.8044        22.8044
            147        22.8044        22.8044
            148        22.8044        22.8044
            149        22.8044        22.8044
            150        22.8044        22.8044
            151        22.8044        22.8044
            152        22.8044        22.8044
            153        22.8044        22.8044
            154        22.8044        22.8044
            155        22.8044        22.8044
            156        22.8044        22.8044
            157        22.8044        22.8044
            158        22.8044        22.8044
            159        22.8044        22.8044
            160        22.8044        22.8044
            161        22.8044        22.8044
            162        22.8044        22.8044
            163        22.8044        22.8044
            164        22.8044        22.8044
            165        22.8044        22.8044
            166        22.8044        22.8044
            167        22.8044        22.8044
            168        22.8044        22.8044
            169        22.8044        22.8044
            170        22.8044        22.8044
            171        22.8044        22.8044
            172        22.8044        22.8044
            173        22.8044        22.8044
            174        22.8044        22.8044
            175        22.8044        22.8044
            176        22.8044        22.8044
            177        22.8044        22.8044
            178        22.8044        22.8044
            179        22.8044        22.8044
            180        22.8044        22.8044
            181        22.8044        22.8044
            182        22.8044        22.8044
            183        22.8044        22.8044
            184        22.8044        22.8044
            185        22.8044        22.8044
            186        22.8044        22.8044
            187        22.8044        22.8044
            188        22.8044        22.8044
            189        22.8044        22.8044
            190        22.8044        22.8044
            191        22.8044        22.8044
            192        22.8044        22.8044
            193        22.8044        22.8044
            194        22.8044        22.8044
            195        22.8044        22.8044
            196        22.8044        22.8044
            197        22.8044        22.8044
            198        22.8044        22.8044
            199        22.8044        22.8044
            200        22.8044        22.8044
            201        22.8044        22.8044
            202        22.8044        22.8044
            203        22.8044        22.8044
            204        22.8044        22.8044
            205        22.8044        22.8044
            206        22.8044        22.8044
            207        22.8044        22.8044
            208        22.8044        22.8044
            209        22.8044        22.8044
            210        22.8044        22.8044
            211        22.8044        22.8044
            212        22.8044        22.8044
            213        22.8044        22.8044
            214        22.8044        22.8044
            215        22.8044        22.8044
            216        22.8044        22.8044
            217        22.8044        22.8044
            218        22.8044        22.8044
            219        22.8044        22.8044
            220        22.8044        22.8044
            221        22.8044        22.8044
            222        22.8044        22.8044
            223        22.8044        22.8044
            224        22.8044        22.8044
            225        22.8044        22.8044
            226        22.8044        22.8044
            227        22.8044        22.8044
            228        22.8044        22.8044
            229        22.8044        22.8044
            230        22.8044        22.8044
            231        22.8044        22.8044
            232        22.8044        22.8044
            233        22.8044        22.8044
            234        22.8044        22.8044
            235        22.8044        22.8044
            236        22.8044        22.8044
            237        22.8044        22.8044
            238        22.8044        22.8044
            239        22.8044        22.8044
            240        22.8044        22.8044
            241        22.8044        22.8044
            242        22.8044        22.8044
            243        22.8044        22.8044
            244        22.8044        22.8044
            245        22.8044        22.8044
            246        22.8044        22.8044
            247        22.8044        22.8044
            248        22.8044        22.8044
            249        22.8044        22.8044
            250        22.8044        22.8044
            251        22.8044        22.8044
            252        22.8044        22.8044
            253        22.8044        22.8044
            254        22.8044        22.8044
            255        22.8044        22.8044
            256        22.8044        22.8044
            257        22.8044        22.8044
            258        22.8044        22.8044
            259        22.8044        22.8044
            260        22.8044        22.8044
            261        22.8044        22.8044
            262        22.8044        22.8044
            263        22.8044        22.8044
            264        22.8044        22.8044
            265        22.8044        22.8044
            266        22.8044        22.8044
            267        22.8044        22.8044
            268        22.8044        22.8044
            269        22.8044        22.8044
            270        22.8044        22.8044
            271        22.8044        22.8044
            272        22.8044        22.8044
            273        22.8044        22.8044
            274        22.8044        22.8044
            275        22.8044        22.8044
            276        22.8044        22.8044
            277        22.8044        22.8044
            278        22.8044        22.8044
            279        22.8044        22.8044
            280        22.8044        22.8044
            281        22.8044        22.8044
            282        22.8044        22.8044
            283        22.8044        22.8044
            284        22.8044        22.8044
            285        22.8044        22.8044
            286        22.8044        22.8044
            287        22.8044        22.8044
            288        22.8044        22.8044
            289        22.8044        22.8044
            290        22.8044        22.8044
            291        22.8044        22.8044
            292        22.8044        22.8044
            293        22.8044        22.8044
            294        22.8044        22.8044
            295        22.8044        22.8044
            296        22.8044        22.8044
            297        22.8044        22.8044
            298        22.8044        22.8044
            299        22.8044        22.8044
            300        22.8044        22.8044
            301        22.8044        22.8044
            302        22.8044        22.8044
            303        22.8044        22.8044
            304        22.8044        22.8044
            305        22.8044        22.8044
            306        22.8044        22.8044
            307        22.8044        22.8044
            308        22.8044        22.8044
            309        22.8044        22.8044
            310        22.8044        22.8044
            311        22.8044        22.8044
            312        22.8044        22.8044
            313        22.8044        22.8044
            314        22.8044        22.8044
            315        22.8044        22.8044
            316        22.8044        22.8044
            317        22.8044        22.8044
            318        22.8044        22.8044
            319        22.8044        22.8044
            320        22.8044        22.8044
            321        22.8044        22.8044
            322        22.8044        22.8044
            323        22.8044        22.8044
            324        22.8044        22.8044
            325        22.8044        22.8044
            326        22.8044        22.8044
            327        22.8044        22.8044
            328        22.8044        22.8044
            329        22.8044        22.8044
            330        22.8044        22.8044
            331        22.8044        22.8044
            332        22.8044        22.8044
            333        22.8044        22.8044
            334        22.8044        22.8044
            335        22.8044        22.8044
            336        22.8044        22.8044
            337        22.8044        22.8044
            338        22.8044        22.8044
            339        22.8044        22.8044
            340        22.8044        22.8044
            341        22.8044        22.8044
            342        22.8044        22.8044
            343        22.8044        22.8044
            344        22.8044        22.8044
            345        22.8044        22.8044
            346        22.8044        22.8044
            347        22.8044        22.8044
            348        22.8044        22.8044
            349        22.8044        22.8044
            350        22.8044        22.8044
            351        22.8044        22.8044
            352        22.8044        22.8044
            353        22.8044        22.8044
            354        22.8044        22.8044
            355        22.8044        22.8044
            356        22.8044        22.8044
            357        22.8044        22.8044
            358        22.8044        22.8044
            359        22.8044        22.8044
            360        22.8044        22.8044
            361        22.8044        22.8044
            362        22.8044        22.8044
            363        22.8044        22.8044
            364        22.8044        22.8044
            365        22.8044        22.8044
            366        22.8044        22.8044
            367        22.8044        22.8044
            368        22.8044        22.8044
            369        22.8044        22.8044
            370        22.8044        22.8044
            371        22.8044        22.8044
            372        22.8044        22.8044
            373        22.8044        22.8044
            374        22.8044        22.8044
            375        22.8044        22.8044
            376        22.8044        22.8044
            377        22.8044        22.8044
            378        22.8044        22.8044
            379        22.8044        22.8044
            380        22.8044        22.8044
            381        22.8044        22.8044
            382        22.8044        22.8044
            383        22.8044        22.8044
            384        22.8044        22.8044
            385        22.8044        22.8044
            386        22.8044        22.8044
            387        22.8044        22.8044
            388        22.8044        22.8044
            389        22.8044        22.8044
            390        22.8044        22.8044
            391        22.8044        22.8044
            392        22.8044        22.8044
            393        22.8044        22.8044
            394        22.8044        22.8044
            395        22.8044        22.8044
            396        22.8044        22.8044
            397        22.8044        22.8044
            398        22.8044        22.8044
            399        22.8044        22.8044
            400        22.8044        22.8044
            401        22.8044        22.8044
            402        22.8044        22.8044
            403        22.8044        22.8044
            404        22.8044        22.8044
            405        22.8044        22.8044
            406        22.8044        22.8044
            407        22.8044        22.8044
            408        22.8044        22.8044
            409        22.8044        22.8044
            410        22.8044        22.8044
            411        22.8044        22.8044
            412        22.8044        22.8044
            413        22.8044        22.8044
            414        22.8044        22.8044
            415        22.8044        22.8044
            416        22.8044        22.8044
            417        22.8044        22.8044
            418        22.8044        22.8044
            419        22.8044        22.8044
            420        22.8044        22.8044
            421        22.8044        22.8044
            422        22.8044        22.8044
            423        22.8044        22.8044
            424        22.8044        22.8044
            425        22.8044        22.8044
            426        22.8044        22.8044
            427        22.8044        22.8044
            428        22.8044        22.8044
            429        22.8044        22.8044
            430        22.8044        22.8044
            431        22.8044        22.8044
            432        22.8044        22.8044
            433        22.8044        22.8044
            434        22.8044        22.8044
            435        22.8044        22.8044
            436        22.8044        22.8044
            437        22.8044        22.8044
            438        22.8044        22.8044
            439        22.8044        22.8044
            440        22.8044        22.8044
            441        22.8044        22.8044
            442        22.8044        22.8044
            443        22.8044        22.8044
            444        22.8044        22.8044
            445        22.8044        22.8044
            446        22.8044        22.8044
            447        22.8044        22.8044
            448        22.8044        22.8044
            449        22.8044        22.8044
            450        22.8044        22.8044
            451        22.8044        22.8044
            452        22.8044        22.8044
            453        22.8044        22.8044
            454        22.8044        22.8044
            455        22.8044        22.8044
            456        22.8044        22.8044
            457        22.8044        22.8044
            458        22.8044        22.8044
            459        22.8044        22.8044
            460        22.8044        22.8044
            461        22.8044        22.8044
            462        22.8044        22.8044
            463        22.8044        22.8044
            464        22.8044        22.8044
            465        22.8044        22.8044
            466        22.8044        22.8044
            467        22.8044        22.8044
            468        22.8044        22.8044
            469        22.8044        22.8044
            470        22.8044        22.8044
            471        22.8044        22.8044
            472        22.8044        22.8044
            473        22.8044        22.8044
            474        22.8044        22.8044
            475        22.8044        22.8044
            476        22.8044        22.8044
            477        22.8044        22.8044
            478        22.8044        22.8044
            479        22.8044        22.8044
            480        22.8044        22.8044
            481        22.8044        22.8044
            482        22.8044        22.8044
            483        22.8044        22.8044
            484        22.8044        22.8044
            485        22.8044        22.8044
            486        22.8044        22.8044
            487        22.8044        22.8044
            488        22.8044        22.8044
            489        22.8044        22.8044
            490        22.8044        22.8044
            491        22.8044        22.8044
            492        22.8044        22.8044
            493        22.8044        22.8044
            494        22.8044        22.8044
            495        22.8044        22.8044
            496        22.8044        22.8044
            497        22.8044        22.8044
            498        22.8044        22.8044
            499        22.8044        22.8044
            500        22.8044        22.8044
            501        22.8044        22.8044
            502        22.8044        22.8044
            503        22.8044        22.8044
            504        22.8044        22.8044
            505        22.8044        22.8044
            506        22.8044        22.8044
            507        22.8044        22.8044
            508        22.8044        22.8044
            509        22.8044        22.8044
            510        22.8044        22.8044
            511        22.8044        22.8044
            512        22.8044        22.8044
            513        22.8044        22.8044
            514        22.8044        22.8044
            515        22.8044        22.8044
            516        22.8044        22.8044
            517        22.8044        22.8044
            518        22.8044        22.8044
            519        22.8044        22.8044
            520        22.8044        22.8044
            521        22.8044        22.8044
            522        22.8044        22.8044
            523        22.8044        22.8044
            524        22.8044        22.8044
            525        22.8044        22.8044
            526        22.8044        22.8044
            527        22.8044        22.8044
            528        22.8044        22.8044
            529        22.8044        22.8044
            530        22.8044        22.8044
            531        22.8044        22.8044
            532        22.8044        22.8044
            533        22.8044        22.8044
            534        22.8044        22.8044
            535        22.8044        22.8044
            536        22.8044        22.8044
            537        22.8044        22.8044
            538        22.8044        22.8044
            539        22.8044        22.8044
            540        22.8044        22.8044
            541        22.8044        22.8044
            542        22.8044        22.8044
            543        22.8044        22.8044
            544        22.8044        22.8044
            545        22.8044        22.8044
            546        22.8044        22.8044
            547        22.8044        22.8044
            548        22.8044        22.8044
            549        22.8044        22.8044
            550        22.8044        22.8044
            551        22.8044        22.8044
            552        22.8044        22.8044
            553        22.8044        22.8044
            554        22.8044        22.8044
            555        22.8044        22.8044
            556        22.8044        22.8044
            557        22.8044        22.8044
            558        22.8044        22.8044
            559        22.8044        22.8044
            560        22.8044        22.8044
            561        22.8044        22.8044
            562        22.8044        22.8044
            563        22.8044        22.8044
            564        22.8044        22.8044
            565        22.8044        22.8044
            566        22.8044        22.8044
            567        22.8044        22.8044
            568        22.8044        22.8044
            569        22.8044        22.8044
            570        22.8044        22.8044
            571        22.8044        22.8044
            572        22.8044        22.8044
            573        22.8044        22.8044
            574        22.8044        22.8044
            575        22.8044        22.8044
            576        22.8044        22.8044
            577        22.8044        22.8044
            578        22.8044        22.8044
            579        22.8044        22.8044
            580        22.8044        22.8044
            581        22.8044        22.8044
            582        22.8044        22.8044
            583        22.8044        22.8044
            584        22.8044        22.8044
            585        22.8044        22.8044
            586        22.8044        22.8044
            587        22.8044        22.8044
            588        22.8044        22.8044
            589        22.8044        22.8044
            590        22.8044        22.8044
            591        22.8044        22.8044
            592        22.8044        22.8044
            593        22.8044        22.8044
            594        22.8044        22.8044
            595        22.8044        22.8044
            596        22.8044        22.8044
            597        22.8044        22.8044
            598        22.8044        22.8044
            599        22.8044        22.8044
            600        22.8044        22.8044
            601        22.8044        22.8044
            602        22.8044        22.8044
            603        22.8044        22.8044
            604        22.8044        22.8044
            605        22.8044        22.8044
            606        22.8044        22.8044
            607        22.8044        22.8044
            608        22.8044        22.8044
            609        22.8044        22.8044
            610        22.8044        22.8044
            611        22.8044        22.8044
            612        22.8044        22.8044
            613        22.8044        22.8044
            614        22.8044        22.8044
            615        22.8044        22.8044
            616        22.8044        22.8044
            617        22.8044        22.8044
            618        22.8044        22.8044
            619        22.8044        22.8044
            620        22.8044        22.8044
            621        22.8044        22.8044
            622        22.8044        22.8044
            623        22.8044        22.8044
            624        22.8044        22.8044
            625        22.8044        22.8044
            626        22.8044        22.8044
            627        22.8044        22.8044
            628        22.8044        22.8044
            629        22.8044        22.8044
            630        22.8044        22.8044
            631        22.8044        22.8044
            632        22.8044        22.8044
            633        22.8044        22.8044
            634        22.8044        22.8044
            635        22.8044        22.8044
            636        22.8044        22.8044
            637        22.8044        22.8044
            638        22.8044        22.8044
            639        22.8044        22.8044
            640        22.8044        22.8044
            641        22.8044        22.8044
            642        22.8044        22.8044
            643        22.8044        22.8044
            644        22.8044        22.8044
            645        22.8044        22.8044
            646        22.8044        22.8044
            647        22.8044        22.8044
            648        22.8044        22.8044
            649        22.8044        22.8044
            650        22.8044        22.8044
            651        22.8044        22.8044
            652        22.8044        22.8044
            653        22.8044        22.8044
            654        22.8044        22.8044
            655        22.8044        22.8044
            656        22.8044        22.8044
            657        22.8044        22.8044
            658        22.8044        22.8044
            659        22.8044        22.8044
            660        22.8044        22.8044
            661        22.8044        22.8044
            662        22.8044        22.8044
            663        22.8044        22.8044
            664        22.8044        22.8044
            665        22.8044        22.8044
            666        22.8044        22.8044
            667        22.8044        22.8044
            668        22.8044        22.8044
            669        22.8044        22.8044
            670        22.8044        22.8044
            671        22.8044        22.8044
            672        22.8044        22.8044
            673        22.8044        22.8044
            674        22.8044        22.8044
            675        22.8044        22.8044
            676        22.8044        22.8044
            677        22.8044        22.8044
            678        22.8044        22.8044
            679        22.8044        22.8044
            680        22.8044        22.8044
            681        22.8044        22.8044
            682        22.8044        22.8044
            683        22.8044        22.8044
            684        22.8044        22.8044
            685        22.8044        22.8044
            686        22.8044        22.8044
            687        22.8044        22.8044
            688        22.8044        22.8044
            689        22.8044        22.8044
            690        22.8044        22.8044
            691        22.8044        22.8044
            692        22.8044        22.8044
            693        22.8044        22.8044
            694        22.8044        22.8044
            695        22.8044        22.8044
            696        22.8044        22.8044
            697        22.8044        22.8044
            698        22.8044        22.8044
            699        22.8044        22.8044
            700        22.8044        22.8044
            701        22.8044        22.8044
            702        22.8044        22.8044
            703        22.8044        22.8044
            704        22.8044        22.8044
            705        22.8044        22.8044
            706        22.8044        22.8044
            707        22.8044        22.8044
            708        22.8044        22.8044
            709        22.8044        22.8044
            710        22.8044        22.8044
            711        22.8044        22.8044
            712        22.8044        22.8044
            713        22.8044        22.8044
            714        22.8044        22.8044
            715        22.8044        22.8044
            716        22.8044        22.8044
            717        22.8044        22.8044
            718        22.8044        22.8044
            719        22.8044        22.8044
            720        22.8044        22.8044
            721        22.8044        22.8044
            722        22.8044        22.8044
            723        22.8044        22.8044
            724        22.8044        22.8044
            725        22.8044        22.8044
            726        22.8044        22.8044
            727        22.8044        22.8044
            728        22.8044        22.8044
            729        22.8044        22.8044
            730        22.8044        22.8044
            731        22.8044        22.8044
            732        22.8044        22.8044
            733        22.8044        22.8044
            734        22.8044        22.8044
            735        22.8044        22.8044
            736        22.8044        22.8044
            737        22.8044        22.8044
            738        22.8044        22.8044
            739        22.8044        22.8044
            740        22.8044        22.8044
            741        22.8044        22.8044
            742        22.8044        22.8044
            743        22.8044        22.8044
            744        22.8044        22.8044
            745        22.8044        22.8044
            746        22.8044        22.8044
            747        22.8044        22.8044
            748        22.8044        22.8044
            749        22.8044        22.8044
            750        22.8044        22.8044
            751        22.8044        22.8044
            752        22.8044        22.8044
            753        22.8044        22.8044
            754        22.8044        22.8044
            755        22.8044        22.8044
            756        22.8044        22.8044
            757        22.8044        22.8044
            758        22.8044        22.8044
            759        22.8044        22.8044
            760        22.8044        22.8044
            761        22.8044        22.8044
            762        22.8044        22.8044
            763        22.8044        22.8044
            764        22.8044        22.8044
            765        22.8044        22.8044
            766        22.8044        22.8044
            767        22.8044        22.8044
            768        22.8044        22.8044
            769        22.8044        22.8044
            770        22.8044        22.8044
            771        22.8044        22.8044
            772        22.8044        22.8044
            773        22.8044        22.8044
            774        22.8044        22.8044
            775        22.8044        22.8044
            776        22.8044        22.8044
            777        22.8044        22.8044
            778        22.8044        22.8044
            779        22.8044        22.8044
            780        22.8044        22.8044
            781        22.8044        22.8044
            782        22.8044        22.8044
            783        22.8044        22.8044
            784        22.8044        22.8044
            785        22.8044        22.8044
            786        22.8044        22.8044
            787        22.8044        22.8044
            788        22.8044        22.8044
            789        22.8044        22.8044
            790        22.8044        22.8044
            791        22.8044        22.8044
            792        22.8044        22.8044
            793        22.8044        22.8044
            794        22.8044        22.8044
            795        22.8044        22.8044
            796        22.8044        22.8044
            797        22.8044        22.8044
            798        22.8044        22.8044
            799        22.8044        22.8044
            800        22.8044        22.8044
            801        22.8044        22.8044
            802        22.8044        22.8044
            803        22.8044        22.8044
            804        22.8044        22.8044
            805        22.8044        22.8044
            806        22.8044        22.8044
            807        22.8044        22.8044
            808        22.8044        22.8044
            809        22.8044        22.8044
            810        22.8044        22.8044
            811        22.8044        22.8044
            812        22.8044        22.8044
            813        22.8044        22.8044
            814        22.8044        22.8044
            815        22.8044        22.8044
            816        22.8044        22.8044
            817        22.8044        22.8044
            818        22.8044        22.8044
            819        22.8044        22.8044
            820        22.8044        22.8044
            821        22.8044        22.8044
            822        22.8044        22.8044
            823        22.8044        22.8044
            824        22.8044        22.8044
            825        22.8044        22.8044
            826        22.8044        22.8044
            827        22.8044        22.8044
            828        22.8044        22.8044
            829        22.8044        22.8044
            830        22.8044        22.8044
            831        22.8044        22.8044
            832        22.8044        22.8044
            833        22.8044        22.8044
            834        22.8044        22.8044
            835        22.8044        22.8044
            836        22.8044        22.8044
            837        22.8044        22.8044
            838        22.8044        22.8044
            839        22.8044        22.8044
            840        22.8044        22.8044
            841        22.8044        22.8044
            842        22.8044        22.8044
            843        22.8044        22.8044
            844        22.8044        22.8044
            845        22.8044        22.8044
            846        22.8044        22.8044
            847        22.8044        22.8044
            848        22.8044        22.8044
            849        22.8044        22.8044
            850        22.8044        22.8044
            851        22.8044        22.8044
            852        22.8044        22.8044
            853        22.8044        22.8044
            854        22.8044        22.8044
            855        22.8044        22.8044
            856        22.8044        22.8044
            857        22.8044        22.8044
            858        22.8044        22.8044
            859        22.8044        22.8044
            860        22.8044        22.8044
            861        22.8044        22.8044
            862        22.8044        22.8044
            863        22.8044        22.8044
            864        22.8044        22.8044
            865        22.8044        22.8044
            866        22.8044        22.8044
            867        22.8044        22.8044
            868        22.8044        22.8044
            869        22.8044        22.8044
            870        22.8044        22.8044
            871        22.8044        22.8044
            872        22.8044        22.8044
            873        22.8044        22.8044
            874        22.8044        22.8044
            875        22.8044        22.8044
            876        22.8044        22.8044
            877        22.8044        22.8044
            878        22.8044        22.8044
            879        22.8044        22.8044
            880        22.8044        22.8044
            881        22.8044        22.8044
            882        22.8044        22.8044
            883        22.8044        22.8044
            884        22.8044        22.8044
            885        22.8044        22.8044
            886        22.8044        22.8044
            887        22.8044        22.8044
            888        22.8044        22.8044
            889        22.8044        22.8044
            890        22.8044        22.8044
            891        22.8044        22.8044
            892        22.8044        22.8044
            893        22.8044        22.8044
            894        22.8044        22.8044
            895        22.8044        22.8044
            896        22.8044        22.8044
            897        22.8044        22.8044
            898        22.8044        22.8044
            899        22.8044        22.8044
            900        22.8044        22.8044
            901        22.8044        22.8044
            902        22.8044        22.8044
            903        22.8044        22.8044
            904        22.8044        22.8044
            905        22.8044        22.8044
            906        22.8044        22.8044
            907        22.8044        22.8044
            908        22.8044        22.8044
            909        22.8044        22.8044
            910        22.8044        22.8044
            911        22.8044        22.8044
            912        22.8044        22.8044
            913        22.8044        22.8044
            914        22.8044        22.8044
            915        22.8044        22.8044
            916        22.8044        22.8044
            917        22.8044        22.8044
            918        22.8044        22.8044
            919        22.8044        22.8044
            920        22.8044        22.8044
            921        22.8044        22.8044
            922        22.8044        22.8044
            923        22.8044        22.8044
            924        22.8044        22.8044
            925        22.8044        22.8044
            926        22.8044        22.8044
            927        22.8044        22.8044
            928        22.8044        22.8044
            929        22.8044        22.8044
            930        22.8044        22.8044
            931        22.8044        22.8044
            932        22.8044        22.8044
            933        22.8044        22.8044
            934        22.8044        22.8044
            935        22.8044        22.8044
            936        22.8044        22.8044
            937        22.8044        22.8044
            938        22.8044        22.8044
            939        22.8044        22.8044
            940        22.8044        22.8044
            941        22.8044        22.8044
            942        22.8044        22.8044
            943        22.8044        22.8044
            944        22.8044        22.8044
            945        22.8044        22.8044
            946        22.8044        22.8044
            947        22.8044        22.8044
            948        22.8044        22.8044
            949        22.8044        22.8044
            950        22.8044        22.8044
            951        22.8044        22.8044
            952        22.8044        22.8044
            953        22.8044        22.8044
            954        22.8044        22.8044
            955        22.8044        22.8044
            956        22.8044        22.8044
            957        22.8044        22.8044
            958        22.8044        22.8044
            959        22.8044        22.8044
            960        22.8044        22.8044
            961        22.8044        22.8044
            962        22.8044        22.8044
            963        22.8044        22.8044
            964        22.8044        22.8044
            965        22.8044        22.8044
            966        22.8044        22.8044
            967        22.8044        22.8044
            968        22.8044        22.8044
            969        22.8044        22.8044
            970        22.8044        22.8044
            971        22.8044        22.8044
            972        22.8044        22.8044
            973        22.8044        22.8044
            974        22.8044        22.8044
            975        22.8044        22.8044
            976        22.8044        22.8044
            977        22.8044        22.8044
            978        22.8044        22.8044
            979        22.8044        22.8044
            980        22.8044        22.8044
            981        22.8044        22.8044
            982        22.8044        22.8044
            983        22.8044        22.8044
            984        22.8044        22.8044
            985        22.8044        22.8044
            986        22.8044        22.8044
            987        22.8044        22.8044
            988        22.8044        22.8044
            989        22.8044        22.8044
            990        22.8044        22.8044
            991        22.8044        22.8044
            992        22.8044        22.8044
            993        22.8044        22.8044
            994        22.8044        22.8044
            995        22.8044        22.8044
            996        22.8044        22.8044
            997        22.8044        22.8044
            998        22.8044        22.8044
            999        22.8044        22.8044
