              0        33.8289        40.9356
              1        31.3802        37.1424
              2        29.5694        34.3369
              3        26.0865        31.7576
              4        23.8844        29.3827
              5        21.8029         27.001
              6        21.8029        24.6482
              7        21.2037        22.5691
              8        20.4274        21.8369
              9         19.928         21.177
             10         19.928        20.5532
             11        19.6043        20.1669
             12        19.4554        19.8561
             13        19.3887        19.6468
             14        19.2777        19.5031
             15        18.7832        19.4446
             16         18.747        19.2502
             17        17.6092        19.1001
             18        16.7554        18.5984
             19        16.5956        17.7385
             20        16.3185        16.9628
             21        16.3185        16.5321
             22        16.3185        16.3837
             23        16.3185          16.32
             24        16.3185        16.3185
             25        16.3185        16.3185
             26        16.2286        16.3183
             27        16.1958        16.2964
             28        16.1014        16.2394
             29        16.1014        16.1936
             30        16.0512         16.133
             31        16.0512        16.1141
             32        16.0512        16.0835
             33        16.0512        16.0603
             34        16.0512        16.0512
             35        16.0512        16.0512
             36        16.0512        16.0512
             37        16.0512        16.0512
             38        16.0512        16.0512
             39        16.0512        16.0512
             40        16.0512        16.0512
             41        15.6012        16.0503
             42        15.6012        15.9476
             43        15.6012        15.7062
             44        15.6012        15.6012
             45        15.5983        15.6012
             46        15.5983        15.6004
             47        15.5981        15.5991
             48        14.9837         15.597
             49        14.6092        15.4912
             50        14.6092         15.156
             51        14.2131        14.7173
             52        13.6463        14.5149
             53        13.6463        14.1462
             54        13.6463        13.7893
             55        13.6463        13.6774
             56        13.6103        13.6462
             57        13.6103        13.6359
             58        13.6103        13.6196
             59        13.6103        13.6103
             60        13.6103        13.6103
             61        13.6103        13.6103
             62        13.6103        13.6103
             63        13.6103        13.6103
             64        13.6103        13.6103
             65        13.6103        13.6103
             66        13.6103        13.6103
             67        13.6103        13.6103
             68        13.0948        13.6092
             69        13.0948         13.523
             70        13.0948        13.3254
             71        13.0935        13.1416
             72        13.0935        13.0945
             73        12.6955        13.0929
             74        12.6921        13.0322
             75        12.0751        12.8829
             76        11.5248        12.6485
             77         11.294        12.2698
             78         11.294        11.7855
             79         11.294        11.4699
             80         11.294         11.305
             81         11.294         11.294
             82         11.294         11.294
             83         11.294         11.294
             84         11.294         11.294
             85         11.294         11.294
             86         11.294         11.294
             87         11.294         11.294
             88         11.294         11.294
             89         11.294         11.294
             90         11.294         11.294
             91         11.294         11.294
             92         11.294         11.294
             93         11.294         11.294
             94         11.294         11.294
             95         11.294         11.294
             96         11.294         11.294
             97         11.294         11.294
             98         11.294         11.294
             99         11.294         11.294
            100         11.294         11.294
            101         11.294         11.294
            102        11.2603         11.294
            103        11.1434        11.2896
            104        11.1434        11.2396
            105        11.1434        11.1736
            106        11.1434        11.1434
            107        11.1434        11.1434
            108        11.1434        11.1434
            109        11.1434        11.1434
            110        11.1434        11.1434
            111        11.1434        11.1434
            112        11.1434        11.1434
            113        11.1434        11.1434
            114        11.1434        11.1434
            115        11.1434        11.1434
            116        11.1434        11.1434
            117        11.1434        11.1434
            118        11.1434        11.1434
            119        11.1434        11.1434
            120        11.1434        11.1434
            121        11.1434        11.1434
            122        11.1434        11.1434
            123        11.1434        11.1434
            124        11.1434        11.1434
            125        11.1434        11.1434
            126        11.1434        11.1434
            127        11.1434        11.1434
            128        11.1434        11.1434
            129        11.1434        11.1434
            130        11.1434        11.1434
            131        11.1434        11.1434
            132        11.1434        11.1434
            133        11.1434        11.1434
            134        11.1434        11.1434
            135        11.1434        11.1434
            136        11.1434        11.1434
            137        11.1434        11.1434
            138        11.1314        11.1434
            139        11.1313        11.1413
            140        11.1311        11.1363
            141        11.1311        11.1322
            142          11.13        11.1312
            143        11.0849        11.1306
            144        11.0849        11.1155
            145        11.0849        11.0971
            146        10.4843        11.0837
            147        10.3304        10.9285
            148         10.232         10.593
            149         10.232         10.348
            150         10.232        10.2656
            151         10.232        10.2357
            152         10.232         10.232
            153         10.232         10.232
            154        10.1919        10.2319
            155        10.1919        10.2221
            156        10.1919        10.2022
            157        10.1919        10.1937
            158        10.1322        10.1918
            159        10.0919        10.1773
            160        10.0919        10.1372
            161        10.0919        10.1023
            162        10.0919        10.0919
            163        10.0919        10.0919
            164        10.0919        10.0919
            165        10.0919        10.0919
            166        10.0919        10.0919
            167        10.0919        10.0919
            168        10.0919        10.0919
            169        10.0919        10.0919
            170        10.0919        10.0919
            171        10.0919        10.0919
            172        10.0919        10.0919
            173        10.0671        10.0919
            174        10.0671        10.0848
            175        9.82814        10.0729
            176        9.54666        10.0088
            177        9.27446         9.8347
            178        9.03634        9.59864
            179        8.81351         9.2898
            180        8.81351        9.00864
            181        8.81351        8.85754
            182        8.81351        8.81351
            183        8.81351        8.81351
            184        8.81351        8.81351
            185        8.81351        8.81351
            186        8.81351        8.81351
            187        8.81351        8.81351
            188        8.81351        8.81351
            189        8.81351        8.81351
            190        8.81351        8.81351
            191        8.81351        8.81351
            192        8.81351        8.81351
            193        8.81351        8.81351
            194        8.65535        8.81319
            195        8.65535        8.77397
            196        8.65535        8.70496
            197        8.65535        8.65561
            198        8.65535        8.65535
            199        8.65535        8.65535
            200        8.65535        8.65535
            201        8.65535        8.65535
            202        8.65535        8.65535
            203        8.65535        8.65535
            204        8.65535        8.65535
            205        8.65535        8.65535
            206        8.65535        8.65535
            207        8.65535        8.65535
            208        8.65535        8.65535
            209        8.65535        8.65535
            210        8.65535        8.65535
            211        8.65535        8.65535
            212        8.65535        8.65535
            213        8.65535        8.65535
            214        8.65535        8.65535
            215        8.65535        8.65535
            216        8.65535        8.65535
            217        8.65535        8.65535
            218        8.65535        8.65535
            219        8.65535        8.65535
            220        8.65535        8.65535
            221        8.65535        8.65535
            222        8.65535        8.65535
            223        8.65535        8.65535
            224        8.65535        8.65535
            225        8.65535        8.65535
            226        8.65535        8.65535
            227        8.65535        8.65535
            228        8.65535        8.65535
            229        8.54662        8.65513
            230        7.02563        8.60737
            231        7.02563            8.1
            232        7.02563        7.37453
            233        7.02563        7.02563
            234        7.02563        7.02563
            235        7.02563        7.02563
            236        7.02563        7.02563
            237        7.02563        7.02563
            238        7.02563        7.02563
            239        7.02563        7.02563
            240        7.02563        7.02563
            241        7.02563        7.02563
            242        7.02563        7.02563
            243        7.02563        7.02563
            244        7.02563        7.02563
            245        7.02563        7.02563
            246        7.02563        7.02563
            247        7.02563        7.02563
            248        7.02563        7.02563
            249        7.02563        7.02563
            250        7.02563        7.02563
            251        7.02563        7.02563
            252        7.02563        7.02563
            253        7.02563        7.02563
            254        7.02563        7.02563
            255        7.02563        7.02563
            256        7.02563        7.02563
            257        7.02563        7.02563
            258        7.02563        7.02563
            259        7.02563        7.02563
            260        7.02563        7.02563
            261        7.02563        7.02563
            262        7.02563        7.02563
            263        7.02563        7.02563
            264        7.02563        7.02563
            265        7.02563        7.02563
            266        7.02563        7.02563
            267        7.02563        7.02563
            268        7.02563        7.02563
            269        7.02563        7.02563
            270        7.02563        7.02563
            271        7.02563        7.02563
            272        7.02563        7.02563
            273        7.02563        7.02563
            274        7.02563        7.02563
            275        7.02563        7.02563
            276        7.02563        7.02563
            277        7.02563        7.02563
            278        7.02563        7.02563
            279        7.02563        7.02563
            280        7.02563        7.02563
            281        7.02563        7.02563
            282        7.02563        7.02563
            283        7.02563        7.02563
            284        7.02563        7.02563
            285        7.02563        7.02563
            286        7.02563        7.02563
            287        7.02563        7.02563
            288        7.02563        7.02563
            289        7.02563        7.02563
            290        7.02563        7.02563
            291        6.96959        7.02552
            292        6.86937        7.00788
            293        6.86937        6.95533
            294        6.86937        6.89041
            295        6.86937        6.86937
            296        6.86937        6.86937
            297        6.86937        6.86937
            298        6.86937        6.86937
            299        6.86937        6.86937
            300        6.86937        6.86937
            301        6.86937        6.86937
            302        6.86937        6.86937
            303        6.86937        6.86937
            304        6.86937        6.86937
            305        6.86937        6.86937
            306        6.86937        6.86937
            307        6.86937        6.86937
            308        6.86937        6.86937
            309        6.86937        6.86937
            310        6.86937        6.86937
            311        6.86937        6.86937
            312        6.86937        6.86937
            313        6.86937        6.86937
            314        6.86937        6.86937
            315        6.86937        6.86937
            316        6.86937        6.86937
            317        6.86937        6.86937
            318        6.86937        6.86937
            319        6.86937        6.86937
            320        6.86937        6.86937
            321        6.86937        6.86937
            322        6.86937        6.86937
            323        6.86937        6.86937
            324        6.86937        6.86937
            325        6.86937        6.86937
            326        6.86937        6.86937
            327        6.86937        6.86937
            328        6.86937        6.86937
            329        6.86937        6.86937
            330        6.86937        6.86937
            331        6.86937        6.86937
            332        6.86937        6.86937
            333        6.86937        6.86937
            334        6.86937        6.86937
            335        6.86937        6.86937
            336        6.86937        6.86937
            337        6.86937        6.86937
            338        6.86937        6.86937
            339        6.86937        6.86937
            340        6.86937        6.86937
            341        6.86937        6.86937
            342        6.86937        6.86937
            343        6.86937        6.86937
            344        6.86937        6.86937
            345        6.86937        6.86937
            346        6.86937        6.86937
            347        6.86937        6.86937
            348        6.86937        6.86937
            349        6.86937        6.86937
            350        6.86937        6.86937
            351        6.86937        6.86937
            352        6.86937        6.86937
            353        6.86937        6.86937
            354        6.86937        6.86937
            355        6.86937        6.86937
            356        6.86937        6.86937
            357        6.86937        6.86937
            358        6.86937        6.86937
            359        6.86937        6.86937
            360        6.86937        6.86937
            361        6.86937        6.86937
            362        6.86937        6.86937
            363        6.86937        6.86937
            364        6.86937        6.86937
            365        6.86937        6.86937
            366        6.86937        6.86937
            367        6.86937        6.86937
            368        6.86937        6.86937
            369        6.86937        6.86937
            370        6.86937        6.86937
            371        6.86937        6.86937
            372        6.86937        6.86937
            373        6.86937        6.86937
            374        6.86937        6.86937
            375        6.86937        6.86937
            376        6.86937        6.86937
            377        6.86937        6.86937
            378        6.86937        6.86937
            379        6.86937        6.86937
            380        6.86937        6.86937
            381        6.86937        6.86937
            382        6.86937        6.86937
            383        6.86937        6.86937
            384        6.86937        6.86937
            385        6.86937        6.86937
            386        6.86937        6.86937
            387        6.86937        6.86937
            388        6.86937        6.86937
            389        6.86937        6.86937
            390        6.86937        6.86937
            391        6.86937        6.86937
            392        6.86937        6.86937
            393        6.86937        6.86937
            394        6.86937        6.86937
            395        6.86937        6.86937
            396        6.86937        6.86937
            397        6.86937        6.86937
            398        6.86937        6.86937
            399        6.86937        6.86937
            400        6.86937        6.86937
            401        6.86937        6.86937
            402        6.86937        6.86937
            403        6.86937        6.86937
            404        6.86937        6.86937
            405        6.27509        6.86818
            406        6.27509         6.7175
            407        6.27509        6.42287
            408        6.27509        6.27509
            409        6.27509        6.27509
            410        6.27509        6.27509
            411        6.27509        6.27509
            412        6.27509        6.27509
            413        6.27509        6.27509
            414        6.27509        6.27509
            415        6.27509        6.27509
            416        6.27509        6.27509
            417        6.27509        6.27509
            418        6.27509        6.27509
            419        6.27509        6.27509
            420        6.27509        6.27509
            421        6.27509        6.27509
            422        6.27509        6.27509
            423        6.27509        6.27509
            424        6.27509        6.27509
            425        6.27509        6.27509
            426        6.27509        6.27509
            427        6.27509        6.27509
            428        6.27509        6.27509
            429        6.27509        6.27509
            430        6.27509        6.27509
            431        6.27509        6.27509
            432        6.27509        6.27509
            433        6.27509        6.27509
            434        6.27509        6.27509
            435        6.27509        6.27509
            436        6.27509        6.27509
            437        6.27509        6.27509
            438        6.27509        6.27509
            439        6.27509        6.27509
            440        6.27509        6.27509
            441        6.27509        6.27509
            442        6.27509        6.27509
            443        6.27509        6.27509
            444        6.27509        6.27509
            445        6.27509        6.27509
            446        6.27509        6.27509
            447        6.27509        6.27509
            448        6.27509        6.27509
            449        6.27509        6.27509
            450        6.27509        6.27509
            451        6.27509        6.27509
            452        6.27509        6.27509
            453        6.27509        6.27509
            454        6.27509        6.27509
            455        6.27509        6.27509
            456        6.27509        6.27509
            457        6.27509        6.27509
            458        6.27509        6.27509
            459        6.27509        6.27509
            460        6.27509        6.27509
            461        6.27509        6.27509
            462        6.27509        6.27509
            463        6.27509        6.27509
            464        6.27509        6.27509
            465        6.27509        6.27509
            466        6.27509        6.27509
            467        6.27509        6.27509
            468        6.27509        6.27509
            469        6.27509        6.27509
            470        6.27509        6.27509
            471        6.27509        6.27509
            472        6.27509        6.27509
            473        6.27509        6.27509
            474        6.27509        6.27509
            475        6.27509        6.27509
            476        6.27509        6.27509
            477        6.27509        6.27509
            478        6.27509        6.27509
            479        6.27509        6.27509
            480        6.27509        6.27509
            481        6.27509        6.27509
            482        6.27509        6.27509
            483        6.27509        6.27509
            484        6.27509        6.27509
            485        6.27509        6.27509
            486        6.27509        6.27509
            487        6.27509        6.27509
            488        6.27509        6.27509
            489        6.27509        6.27509
            490        6.27509        6.27509
            491        6.27509        6.27509
            492        6.27509        6.27509
            493        6.27509        6.27509
            494        6.27509        6.27509
            495        6.27509        6.27509
            496        6.27509        6.27509
            497        6.27509        6.27509
            498        6.27509        6.27509
            499        6.27509        6.27509
            500        6.27509        6.27509
            501        6.27509        6.27509
            502        6.27509        6.27509
            503        6.27509        6.27509
            504        6.27509        6.27509
            505        6.27509        6.27509
            506        6.27509        6.27509
            507        6.27509        6.27509
            508        6.27509        6.27509
            509        6.27509        6.27509
            510        6.27509        6.27509
            511        6.27509        6.27509
            512        6.27509        6.27509
            513        6.27509        6.27509
            514        6.27509        6.27509
            515        6.27509        6.27509
            516        6.27509        6.27509
            517        6.27509        6.27509
            518        6.27509        6.27509
            519        6.27509        6.27509
            520        6.27509        6.27509
            521        6.27509        6.27509
            522        6.27509        6.27509
            523        6.27509        6.27509
            524        6.27509        6.27509
            525        6.27509        6.27509
            526        6.27509        6.27509
            527        6.27509        6.27509
            528        6.27509        6.27509
            529        6.27509        6.27509
            530        6.27509        6.27509
            531        6.27509        6.27509
            532        6.27509        6.27509
            533        6.27509        6.27509
            534        6.27509        6.27509
            535        6.27509        6.27509
            536        6.27509        6.27509
            537        6.27509        6.27509
            538        6.27509        6.27509
            539        6.27509        6.27509
            540        6.27509        6.27509
            541        6.27509        6.27509
            542        6.27509        6.27509
            543        6.27509        6.27509
            544        6.27509        6.27509
            545        6.27509        6.27509
            546        6.27509        6.27509
            547        6.27509        6.27509
            548        6.27509        6.27509
            549        6.27509        6.27509
            550        6.27509        6.27509
            551        6.27509        6.27509
            552        6.27509        6.27509
            553        6.27509        6.27509
            554        6.27509        6.27509
            555        6.27509        6.27509
            556        6.27509        6.27509
            557        6.27509        6.27509
            558        6.27509        6.27509
            559        6.27509        6.27509
            560        6.27509        6.27509
            561        6.27509        6.27509
            562        6.27509        6.27509
            563        6.27509        6.27509
            564        6.27509        6.27509
            565        6.27509        6.27509
            566        6.27509        6.27509
            567        6.27509        6.27509
            568        6.27509        6.27509
            569        6.27509        6.27509
            570        6.27509        6.27509
            571        6.27509        6.27509
            572        6.27509        6.27509
            573        6.27509        6.27509
            574        6.27509        6.27509
            575        6.27509        6.27509
            576        6.27509        6.27509
            577        6.27509        6.27509
            578        6.27509        6.27509
            579        6.27509        6.27509
            580        6.27509        6.27509
            581        6.27509        6.27509
            582        6.27509        6.27509
            583        6.27509        6.27509
            584        6.27509        6.27509
            585        6.27509        6.27509
            586        6.27509        6.27509
            587        6.27509        6.27509
            588        6.27509        6.27509
            589        6.27509        6.27509
            590        6.27509        6.27509
            591        6.27509        6.27509
            592        6.27509        6.27509
            593        6.27509        6.27509
            594        6.27509        6.27509
            595        6.27509        6.27509
            596        6.27509        6.27509
            597        6.27509        6.27509
            598        6.27509        6.27509
            599        6.27509        6.27509
            600        6.27509        6.27509
            601        6.27509        6.27509
            602        6.27509        6.27509
            603        6.27509        6.27509
            604        6.27509        6.27509
            605        6.27509        6.27509
            606        6.27509        6.27509
            607        6.27509        6.27509
            608        6.27509        6.27509
            609        6.27509        6.27509
            610        6.27509        6.27509
            611        6.27509        6.27509
            612        6.27509        6.27509
            613        6.27509        6.27509
            614        6.27509        6.27509
            615        6.27509        6.27509
            616        6.27509        6.27509
            617        6.27509        6.27509
            618        6.27509        6.27509
            619        6.27509        6.27509
            620        6.27509        6.27509
            621        6.27509        6.27509
            622        6.27509        6.27509
            623        6.27509        6.27509
            624        6.27509        6.27509
            625        6.27509        6.27509
            626        6.27509        6.27509
            627        6.27509        6.27509
            628        6.27509        6.27509
            629        6.27509        6.27509
            630        6.27509        6.27509
            631        6.27509        6.27509
            632        6.27509        6.27509
            633        6.27509        6.27509
            634        6.27509        6.27509
            635        6.27509        6.27509
            636        6.27509        6.27509
            637        6.27509        6.27509
            638        6.27509        6.27509
            639        6.27509        6.27509
            640        6.27509        6.27509
            641        6.27509        6.27509
            642        6.27509        6.27509
            643        6.27509        6.27509
            644        6.27509        6.27509
            645        6.27509        6.27509
            646        6.27509        6.27509
            647        6.27509        6.27509
            648        6.27509        6.27509
            649        6.27509        6.27509
            650        6.27509        6.27509
            651        6.27509        6.27509
            652        6.27509        6.27509
            653        6.27509        6.27509
            654        6.27509        6.27509
            655        6.27509        6.27509
            656        6.27509        6.27509
            657        6.27509        6.27509
            658        6.27509        6.27509
            659        6.27509        6.27509
            660        6.27509        6.27509
            661        6.27509        6.27509
            662        6.27509        6.27509
            663        6.27509        6.27509
            664        6.27509        6.27509
            665        6.27509        6.27509
            666        6.27509        6.27509
            667        6.27509        6.27509
            668        6.27509        6.27509
            669        6.27509        6.27509
            670        6.27509        6.27509
            671        6.27509        6.27509
            672        6.27509        6.27509
            673        6.27509        6.27509
            674        6.27509        6.27509
            675        6.27509        6.27509
            676        6.27509        6.27509
            677        6.27509        6.27509
            678        6.27509        6.27509
            679        6.27509        6.27509
            680        6.27509        6.27509
            681        6.27509        6.27509
            682        6.27509        6.27509
            683        6.27509        6.27509
            684        6.27509        6.27509
            685        6.27509        6.27509
            686        6.27509        6.27509
            687        6.27509        6.27509
            688        6.27509        6.27509
            689        6.27509        6.27509
            690        6.27509        6.27509
            691        6.27509        6.27509
            692        6.27509        6.27509
            693        6.27509        6.27509
            694        6.27509        6.27509
            695        6.27509        6.27509
            696        6.27509        6.27509
            697        6.27509        6.27509
            698        6.27509        6.27509
            699        6.27509        6.27509
            700        6.27509        6.27509
            701        6.27509        6.27509
            702        6.27509        6.27509
            703        6.27509        6.27509
            704        6.27509        6.27509
            705        6.27509        6.27509
            706        6.27509        6.27509
            707        6.27509        6.27509
            708        6.27509        6.27509
            709        6.27509        6.27509
            710        6.27509        6.27509
            711        6.27509        6.27509
            712        6.27509        6.27509
            713        6.27509        6.27509
            714        6.27509        6.27509
            715        6.27509        6.27509
            716        6.27509        6.27509
            717        6.27509        6.27509
            718        6.27509        6.27509
            719        6.27509        6.27509
            720        6.27509        6.27509
            721        6.27509        6.27509
            722        6.27509        6.27509
            723        6.27509        6.27509
            724        6.27509        6.27509
            725        6.27509        6.27509
            726        6.27509        6.27509
            727        6.27509        6.27509
            728        6.27509        6.27509
            729        6.27509        6.27509
            730        6.27509        6.27509
            731        6.27509        6.27509
            732        6.27509        6.27509
            733        6.27509        6.27509
            734        6.27509        6.27509
            735        6.27509        6.27509
            736        6.27509        6.27509
            737        6.27509        6.27509
            738        6.27509        6.27509
            739        6.27509        6.27509
            740        6.27509        6.27509
            741        6.27509        6.27509
            742        6.27509        6.27509
            743        6.27509        6.27509
            744        6.27509        6.27509
            745        6.27509        6.27509
            746        6.27509        6.27509
            747        6.27509        6.27509
            748        6.27509        6.27509
            749        6.27509        6.27509
            750        6.27509        6.27509
            751        6.27509        6.27509
            752        6.27509        6.27509
            753        6.27509        6.27509
            754        6.27509        6.27509
            755        6.27509        6.27509
            756        6.27509        6.27509
            757        6.27509        6.27509
            758        6.27509        6.27509
            759        6.27509        6.27509
            760        6.27509        6.27509
            761        6.27509        6.27509
            762        6.27509        6.27509
            763        6.27509        6.27509
            764        6.27509        6.27509
            765        6.27509        6.27509
            766        6.27509        6.27509
            767        6.27509        6.27509
            768        6.27509        6.27509
            769        6.27509        6.27509
            770        6.27509        6.27509
            771        6.27509        6.27509
            772        6.27509        6.27509
            773        6.27509        6.27509
            774        6.27509        6.27509
            775        6.27509        6.27509
            776        6.27509        6.27509
            777        6.27509        6.27509
            778        6.27509        6.27509
            779        6.27509        6.27509
            780        6.27509        6.27509
            781        6.27509        6.27509
            782        6.27509        6.27509
            783        6.27509        6.27509
            784        6.27509        6.27509
            785        6.27509        6.27509
            786        6.27509        6.27509
            787        6.27509        6.27509
            788        6.27509        6.27509
            789        6.27509        6.27509
            790        6.27509        6.27509
            791        6.27509        6.27509
            792        6.27509        6.27509
            793        6.27509        6.27509
            794        6.27509        6.27509
            795        6.27509        6.27509
            796        6.27509        6.27509
            797        6.27509        6.27509
            798        6.27509        6.27509
            799        6.27509        6.27509
            800        6.27509        6.27509
            801        6.27509        6.27509
            802        6.27509        6.27509
            803        6.27509        6.27509
            804        6.27509        6.27509
            805        6.27509        6.27509
            806        6.27509        6.27509
            807        6.27509        6.27509
            808        6.27509        6.27509
            809        6.27509        6.27509
            810        6.27509        6.27509
            811        6.27509        6.27509
            812        6.27509        6.27509
            813        6.27509        6.27509
            814        6.27509        6.27509
            815        6.27509        6.27509
            816        6.27509        6.27509
            817        6.27509        6.27509
            818        6.27509        6.27509
            819        6.27509        6.27509
            820        6.27509        6.27509
            821        6.27509        6.27509
            822        6.27509        6.27509
            823        6.27509        6.27509
            824        6.27509        6.27509
            825        6.27509        6.27509
            826        6.27509        6.27509
            827        6.27509        6.27509
            828        6.27509        6.27509
            829        6.27509        6.27509
            830        6.27509        6.27509
            831        6.27509        6.27509
            832        6.27509        6.27509
            833        6.27509        6.27509
            834        6.27509        6.27509
            835        6.27509        6.27509
            836        6.27509        6.27509
            837        6.27509        6.27509
            838        6.27509        6.27509
            839        6.27509        6.27509
            840        6.27509        6.27509
            841        6.27509        6.27509
            842        6.27509        6.27509
            843        6.27509        6.27509
            844        6.27509        6.27509
            845        6.27509        6.27509
            846        6.27509        6.27509
            847        6.27509        6.27509
            848        6.27509        6.27509
            849        6.27509        6.27509
            850        6.27509        6.27509
            851        6.27509        6.27509
            852        6.27509        6.27509
            853        6.27509        6.27509
            854        6.27509        6.27509
            855        6.27509        6.27509
            856        6.27509        6.27509
            857        6.27509        6.27509
            858        6.27509        6.27509
            859        6.27509        6.27509
            860        6.27509        6.27509
            861        6.27509        6.27509
            862        6.27509        6.27509
            863        6.27509        6.27509
            864        6.27509        6.27509
            865        6.27509        6.27509
            866        6.27509        6.27509
            867        6.27509        6.27509
            868        6.27509        6.27509
            869        6.27509        6.27509
            870        6.27509        6.27509
            871        6.27509        6.27509
            872        6.27509        6.27509
            873        6.27509        6.27509
            874        6.27509        6.27509
            875        6.27509        6.27509
            876        6.27509        6.27509
            877        6.27509        6.27509
            878        6.27509        6.27509
            879        6.27509        6.27509
            880        6.27509        6.27509
            881        6.27509        6.27509
            882        6.27509        6.27509
            883        6.27509        6.27509
            884        6.27509        6.27509
            885        6.27509        6.27509
            886        6.27509        6.27509
            887        6.27509        6.27509
            888        6.27509        6.27509
            889        6.27509        6.27509
            890        6.27509        6.27509
            891        6.27509        6.27509
            892        6.27509        6.27509
            893        6.27509        6.27509
            894        6.27509        6.27509
            895        6.27509        6.27509
            896        6.27509        6.27509
            897        6.27509        6.27509
            898        6.27509        6.27509
            899        6.27509        6.27509
            900        6.27509        6.27509
            901        6.27509        6.27509
            902        6.27509        6.27509
            903        6.27509        6.27509
            904        6.27509        6.27509
            905        6.27509        6.27509
            906        6.27509        6.27509
            907        6.27509        6.27509
            908        6.27509        6.27509
            909        6.27509        6.27509
            910        6.27509        6.27509
            911        6.27509        6.27509
            912        6.27509        6.27509
            913        6.27509        6.27509
            914        6.27509        6.27509
            915        6.27509        6.27509
            916        6.27509        6.27509
            917        6.27509        6.27509
            918        6.27509        6.27509
            919        6.27509        6.27509
            920        6.27509        6.27509
            921        6.27509        6.27509
            922        6.27509        6.27509
            923        6.27509        6.27509
            924        6.27509        6.27509
            925        6.27509        6.27509
            926        6.27509        6.27509
            927        6.27509        6.27509
            928        6.27509        6.27509
            929        6.27509        6.27509
            930        6.27509        6.27509
            931        6.27509        6.27509
            932        6.27509        6.27509
            933        6.27509        6.27509
            934        6.27509        6.27509
            935        6.27509        6.27509
            936        6.27509        6.27509
            937        6.27509        6.27509
            938        6.27509        6.27509
            939        6.27509        6.27509
            940        6.27509        6.27509
            941        6.27509        6.27509
            942        6.27509        6.27509
            943        6.27509        6.27509
            944        6.27509        6.27509
            945        6.27509        6.27509
            946        6.27509        6.27509
            947        6.27509        6.27509
            948        6.27509        6.27509
            949        6.27509        6.27509
            950        6.27509        6.27509
            951        6.27509        6.27509
            952        6.27509        6.27509
            953        6.27509        6.27509
            954        6.27509        6.27509
            955        6.27509        6.27509
            956        6.27509        6.27509
            957        6.27509        6.27509
            958        6.27509        6.27509
            959        6.27509        6.27509
            960        6.27509        6.27509
            961        6.27509        6.27509
            962        6.27509        6.27509
            963        6.27509        6.27509
            964        6.27509        6.27509
            965        6.27509        6.27509
            966        6.27509        6.27509
            967        6.27509        6.27509
            968        6.27509        6.27509
            969        6.27509        6.27509
            970        6.27509        6.27509
            971        6.27509        6.27509
            972        6.27509        6.27509
            973        6.27509        6.27509
            974        6.27509        6.27509
            975        6.27509        6.27509
            976        6.27509        6.27509
            977        6.27509        6.27509
            978        6.27509        6.27509
            979        6.27509        6.27509
            980        6.27509        6.27509
            981        6.27509        6.27509
            982        6.27509        6.27509
            983        6.27509        6.27509
            984        6.27509        6.27509
            985        6.27509        6.27509
            986        6.27509        6.27509
            987        6.27509        6.27509
            988        6.27509        6.27509
            989        6.27509        6.27509
            990        6.27509        6.27509
            991        6.27509        6.27509
            992        6.27509        6.27509
            993        6.27509        6.27509
            994        6.27509        6.27509
            995        6.27509        6.27509
            996        6.27509        6.27509
            997        6.27509        6.27509
            998        6.27509        6.27509
            999        6.27509        6.27509
