              0        33.8289        40.9356
              1         28.677        37.0789
              2        27.3626        33.2422
              3        25.6462        30.2124
              4        23.8885        27.4705
              5        22.3582        25.9831
              6        20.9707        24.6977
              7        20.1293        23.1715
              8        18.6099        21.7321
              9        18.4234        20.5624
             10        17.9448        19.6381
             11        17.0248        18.9755
             12        16.5725        18.1414
             13        15.8898        17.3631
             14        15.8836         16.667
             15        15.8797        16.2061
             16        14.1364        16.0151
             17        13.4868        15.3859
             18        13.4868         14.614
             19        13.0906        14.1265
             20        13.0906        13.6027
             21        13.0904        13.2254
             22        12.9856         13.188
             23        12.2092        13.2159
             24        12.1621        12.9675
             25        12.1619        12.6324
             26        12.0194        12.4615
             27        12.0194        12.3055
             28        12.0194        12.2337
             29        11.4494        12.1436
             30        11.4258        11.9038
             31        10.9326        11.6656
             32        10.9326        11.3427
             33        10.9326        11.1326
             34        10.9326        11.0093
             35        10.9326        10.9481
             36        10.9251        10.9493
             37        10.9251        10.9596
             38        10.9195         10.984
             39        10.9195        11.0461
             40        10.9195        11.0425
             41        10.9195         10.924
             42        10.9195        10.9198
             43        10.9029        10.9194
             44        10.9029        10.9155
             45        10.7566        10.9083
             46        10.7566         10.877
             47        10.7566        10.8301
             48        10.7566        10.7835
             49        10.6455        10.7563
             50        10.6455        10.7326
             51        10.6455        10.6948
             52        10.6455        10.6689
             53        10.6455        10.6498
             54        10.6455        10.6455
             55        10.6455        10.6455
             56        10.6455        10.6455
             57        10.6455        10.6455
             58        10.6455        10.6455
             59        10.6451        10.6455
             60        10.4846        10.6451
             61        10.4804        10.6118
             62        10.4804        10.5825
             63        10.4804        10.5311
             64        10.4804        10.4852
             65        10.4804        10.4804
             66        10.4804        10.4804
             67        10.4804        10.4804
             68        10.4804        10.4804
             69        10.4804        10.4804
             70        10.4804        10.4804
             71        10.4804        10.4804
             72        10.4804        10.4804
             73        10.4804        10.4804
             74        10.4804        10.4804
             75        10.4804        10.4804
             76        10.4804        10.4804
             77        10.4804        10.4804
             78        10.4804        10.4806
             79        10.4804        10.4804
             80        10.4406        10.4833
             81        10.4406        10.5644
             82        10.4406        10.4581
             83        10.4406        10.4438
             84        10.4406         10.449
             85        10.4406        10.4406
             86        10.4406        10.4406
             87        10.4406        10.4406
             88        10.3875        10.4405
             89        10.3875         10.443
             90        10.0069        10.4049
             91             10        10.3515
             92        9.43113        10.3557
             93        9.05468        10.2208
             94        9.05468        9.91828
             95        9.05468        9.44614
             96        9.05468        9.18617
             97        9.05468        9.08463
             98        9.05468        9.06481
             99        9.05468        9.05468
            100        9.05468        9.05468
            101        9.05468        9.05468
            102        8.27853        9.05313
            103        7.69003        8.90189
            104        7.69003        8.41959
            105        7.60121        8.00324
            106        7.13322        7.73529
            107        7.01167         7.5468
            108        7.01167        7.27201
            109        7.01167        7.12181
            110        6.97134        7.03671
            111        6.83236        7.01999
            112        6.32933        6.95173
            113        6.32933        6.77446
            114        6.28442        6.53666
            115        6.28442          6.382
            116        6.28442        6.34853
            117        6.28442        6.29008
            118        6.28442        6.28817
            119        6.28442        6.28442
            120        6.28442        6.28442
            121        6.28442        6.28442
            122        6.28442        6.28442
            123        6.28442        6.28442
            124        6.28442        6.28442
            125        6.28442        6.28442
            126        6.28442        6.28442
            127        6.28442        6.28442
            128        6.28442        6.28442
            129        6.28442        6.28442
            130        6.28442        6.28442
            131        6.28442        6.28442
            132        6.28442        6.28442
            133        6.28442        6.28442
            134        6.28442        6.28442
            135        6.28442        6.28442
            136        6.28442        6.28442
            137        6.28442        6.28442
            138        6.28442        6.28442
            139        6.28442        6.28442
            140        6.28442        6.28442
            141        6.28442        6.28688
            142        6.28442        6.30664
            143        6.28442        6.29942
            144        6.28442        6.28442
            145        6.28442        6.28469
            146        6.28442        6.28442
            147        6.28442        6.28442
            148        6.28442         6.2943
            149        6.28442        6.28442
            150        6.28442         6.2874
            151        6.28442        6.28442
            152        6.28442        6.28442
            153        6.28442        6.28442
            154        6.28442        6.28442
            155        6.28442        6.28442
            156        6.28442        6.28442
            157        6.28442        6.28442
            158        6.28442        6.28442
            159        6.28442        6.28442
            160        6.28442        6.28442
            161        6.28442        6.28442
            162        6.28442        6.28442
            163        6.28442        6.28442
            164        6.28442        6.28442
            165        6.25193        6.28436
            166        6.25193        6.27695
            167        6.25193        6.26356
            168        6.25193        6.25647
            169        6.25193        6.25316
            170        6.25193        6.25193
            171        6.25193        6.25193
            172        6.25193        6.25193
            173        6.25193        6.25193
            174        6.25193        6.25193
            175        6.25193        6.25193
            176        6.25193        6.25193
            177        6.25193        6.25273
            178        6.25193        6.25193
            179        6.25193        6.25193
            180        6.25193        6.25193
            181        6.25193        6.25193
            182        6.25193        6.25193
            183        6.25193        6.25193
            184        6.25193        6.25193
            185        6.25193        6.25193
            186        6.25193        6.25193
            187        6.25193        6.25193
            188        6.25193        6.25193
            189        6.25193        6.25193
            190        6.25193        6.25193
            191        6.25193        6.25193
            192        6.25193        6.25193
            193        6.25193        6.25193
            194        6.25193        6.25193
            195        6.25193        6.25193
            196        6.25193        6.25193
            197        6.25193        6.25193
            198        6.25193        6.25193
            199        6.25193        6.25193
            200        6.25193        6.25257
            201        6.25193        6.25193
            202        6.25193        6.25193
            203        6.25193        6.25193
            204        6.25193        6.25193
            205        6.24839        6.25192
            206        6.24839        6.25113
            207        6.24839        6.24977
            208        6.24839        6.24885
            209        6.24839        6.24851
            210        6.24839        6.24839
            211        6.24839        6.24839
            212        6.24839        6.24839
            213        6.24839        6.24839
            214        6.24839        6.24839
            215        6.24839        6.24839
            216        6.24839        6.25389
            217        6.24839        6.24839
            218        6.24839        6.24839
            219        6.24839        6.24839
            220        6.24839        6.24839
            221        6.24839        6.24839
            222        6.24839        6.24839
            223        6.24839        6.24839
            224        6.24839        6.24839
            225        6.24839        6.24839
            226        6.24839        6.24839
            227        6.24839        6.25062
            228        6.24839        6.24839
            229        6.24839        6.24839
            230        6.24839        6.24839
            231        6.24839        6.24839
            232        6.24839        6.24839
            233        6.24839        6.24839
            234        6.24839        6.24839
            235        6.24839        6.24839
            236        6.24839        6.24839
            237        6.24839        6.24839
            238        6.24839        6.24839
            239        6.24839        6.24839
            240        6.24839        6.24839
            241        6.24839        6.24839
            242        6.24839        6.24839
            243        6.24839        6.24839
            244        6.24839        6.24866
            245        6.24839        6.24839
            246        6.24839        6.24839
            247        6.24839        6.24839
            248        6.24839        6.24951
            249        6.24839        6.24946
            250        6.24839        6.24839
            251        6.24839        6.24839
            252        6.24839        6.24839
            253        6.24839        6.24839
            254        6.24839        6.24839
            255        6.24839        6.24839
            256        6.24839        6.24839
            257        6.24839        6.24839
            258        6.24839        6.24839
            259        6.24839        6.24839
            260        6.24839        6.24839
            261        6.24839        6.24839
            262        6.24839        6.24839
            263        6.24839        6.24839
            264        6.24839        6.25385
            265        6.24839        6.25169
            266        6.24839        6.24839
            267        6.24839        6.24839
            268        6.24839        6.24839
            269        6.24839        6.24839
            270        6.24839        6.24839
            271        6.24839        6.24839
            272        6.24839        6.24839
            273        6.24839        6.24839
            274        6.24839        6.24839
            275        6.24839        6.24839
            276        6.24839        6.24839
            277        6.24839        6.24839
            278        6.24839        6.24839
            279        6.24839        6.25046
            280        6.24839        6.26605
            281        6.24839        6.24839
            282        6.24839        6.24839
            283        6.24839        6.24839
            284        6.24839        6.24839
            285        6.24839        6.24839
            286        6.24839        6.24839
            287        6.24839        6.24839
            288        6.24839        6.24839
            289        6.24839        6.24839
            290        6.24839        6.24839
            291        6.24839        6.24839
            292        6.24839        6.25806
            293        6.24839        6.24839
            294        6.24839        6.24839
            295        6.24839        6.25589
            296        6.24839        6.25322
            297        6.24839        6.24839
            298        6.24839        6.24839
            299        6.24839        6.24839
            300        6.24839        6.24839
            301        6.24839        6.24839
            302        6.24839        6.24839
            303        6.24839        6.24839
            304        6.24839        6.24839
            305        6.24839        6.24839
            306        6.24839        6.24839
            307        6.24839        6.24839
            308        6.24839        6.25037
            309        6.24839        6.25665
            310        6.24839        6.24871
            311        6.24839        6.24839
            312        6.24839        6.24839
            313        6.24839        6.24839
            314        6.24839        6.24839
            315        6.24839        6.24839
            316        6.24839        6.24839
            317        6.24839        6.24839
            318        6.24839        6.24839
            319        6.24839        6.24839
            320        6.24839        6.24839
            321        6.24839        6.24839
            322        6.24839        6.24839
            323        6.24839        6.24839
            324        6.24839        6.24839
            325        6.24839        6.24839
            326        6.24839        6.24839
            327        6.24839        6.24839
            328        6.24839        6.24839
            329        6.24839        6.24839
            330        6.24839        6.24839
            331        6.24839        6.24839
            332        6.24839        6.24839
            333        6.24839        6.24839
            334        6.24839        6.24839
            335        6.24839        6.24839
            336        6.24839        6.24839
            337        6.24839        6.24839
            338        6.24839        6.24839
            339        6.24839        6.24839
            340        6.24839        6.24839
            341        6.24839        6.24839
            342        6.24839        6.24839
            343        6.24839        6.24839
            344        6.24839        6.24839
            345        6.24839        6.24839
            346        6.24839        6.24839
            347        6.24839        6.24839
            348        6.24839        6.24839
            349        6.24839        6.24839
            350        6.24839        6.24839
            351        6.24839        6.24839
            352        6.24839        6.24839
            353        6.24839        6.24839
            354        6.24839        6.24839
            355        6.24839        6.24839
            356        6.24839        6.24839
            357        6.24839        6.24839
            358        6.24839        6.24839
            359        6.24839        6.24839
            360        6.24839        6.24839
            361        6.24839        6.24839
            362        6.24839        6.24839
            363        6.24839        6.24839
            364        6.24839        6.24839
            365        6.24839        6.24839
            366        6.24839        6.24839
            367        6.24839        6.24839
            368        6.24839        6.26123
            369        6.24839        6.24839
            370        6.24839        6.24839
            371        6.24839        6.24839
            372        6.24839        6.24839
            373        6.24839        6.24839
            374        6.24839        6.24839
            375        6.24839        6.24839
            376        6.24839        6.24839
            377        6.24839        6.24839
            378        6.24839        6.24839
            379        6.24839        6.25423
            380        6.24839        6.24839
            381        6.24839        6.24839
            382        6.24839        6.24839
            383        6.24839        6.24839
            384        6.24839        6.24839
            385        6.24839        6.24839
            386        6.24839        6.24839
            387        6.24839        6.24839
            388        6.24839        6.24839
            389        6.24839        6.24839
            390        6.24839        6.24839
            391        6.24839        6.24839
            392        6.24839        6.24839
            393        6.24839        6.24839
            394        6.24839        6.24894
            395        6.24839        6.24839
            396        6.24839        6.24839
            397        6.24839        6.24839
            398        6.24839        6.24839
            399        6.24839        6.24956
            400        6.24839        6.24839
            401        6.24839        6.24839
            402        6.24839        6.24839
            403        6.24839        6.24839
            404        6.24839        6.24839
            405        6.24839        6.24839
            406        6.24839        6.24839
            407        6.24839        6.24839
            408        6.24839        6.24839
            409        6.24839        6.24839
            410        6.24839        6.24839
            411        6.24839        6.24839
            412        6.24839        6.24839
            413        6.24839        6.24839
            414        6.24839        6.24839
            415        6.24839        6.24839
            416        6.24839        6.24893
            417        6.24839        6.24839
            418        6.24839        6.24839
            419        6.24839        6.24839
            420        6.24839        6.24839
            421        6.24839        6.24839
            422        6.24839        6.24839
            423        6.24839        6.24839
            424        6.24839        6.24839
            425        6.24839        6.24903
            426        6.24839        6.24839
            427        6.24839        6.24839
            428        6.24839        6.24839
            429        6.24839        6.24839
            430        6.24839        6.24839
            431        6.24839        6.24839
            432        6.24839        6.24839
            433        6.24839        6.24839
            434        6.24839        6.24839
            435        6.24839        6.24839
            436        6.24839        6.24839
            437        6.24839        6.24839
            438        6.24839        6.24839
            439        6.24839        6.24839
            440        6.24839        6.24839
            441        6.24839        6.24839
            442        6.24839        6.24839
            443        6.24839        6.24839
            444        6.24839        6.24839
            445        6.24839        6.24839
            446        6.24839        6.24839
            447        6.24839        6.24839
            448        6.24839        6.24839
            449        6.24839        6.24839
            450        6.24839        6.24839
            451        6.24839        6.24839
            452        6.24839        6.24839
            453        6.24839        6.24839
            454        6.24839        6.24839
            455        6.24839        6.24839
            456        6.24839        6.24839
            457        6.24839        6.24839
            458        6.24839        6.24839
            459        6.24839        6.24839
            460        6.24839        6.24839
            461        6.24839        6.24839
            462        6.24839        6.24839
            463        6.24839        6.24839
            464        6.24839        6.24839
            465        6.24839        6.24839
            466        6.24839        6.24839
            467        6.24839        6.24839
            468        6.24839        6.24839
            469        6.24839        6.24839
            470        6.24839        6.24839
            471        6.24839        6.24839
            472        6.24839        6.24839
            473        6.24839        6.24839
            474        6.24839        6.24839
            475        6.24839        6.24839
            476        6.24839        6.24839
            477        6.24839        6.24839
            478        6.24839        6.24839
            479        6.24839        6.24839
            480        6.24839        6.24839
            481        6.24839        6.25152
            482        6.24839        6.24839
            483        6.24839        6.24839
            484        6.24839        6.24839
            485        6.24839        6.24839
            486        6.24839        6.24839
            487        6.24839        6.24839
            488        6.24839        6.24839
            489        6.24839        6.24839
            490        6.24839        6.24839
            491        6.24839        6.24839
            492        6.24839        6.24839
            493        6.24839        6.24839
            494        6.24839        6.24839
            495        6.24839        6.24839
            496        6.24839        6.24839
            497        6.24839        6.24839
            498        6.24839        6.24839
            499        6.24839        6.24839
            500        6.24839        6.24839
            501        6.24839        6.24839
            502        6.24839        6.24839
            503        6.24839        6.24839
            504        6.24839        6.24839
            505        6.24839        6.24839
            506        6.24839        6.24839
            507        6.24839        6.24839
            508        6.24839        6.24839
            509        6.24839        6.24839
            510        6.24839        6.24839
            511        6.24839        6.24839
            512        6.24839        6.24839
            513        6.24839        6.24839
            514        6.24839        6.24839
            515        6.24839        6.24846
            516        6.24839          6.249
            517        6.24839        6.24839
            518        6.24839        6.24839
            519        6.24839        6.24839
            520        6.24839        6.24839
            521        6.24839        6.24839
            522        6.24839        6.24839
            523        6.24839        6.24839
            524        6.24839        6.24839
            525        6.24839        6.24839
            526        6.24839        6.24839
            527        6.24839        6.24839
            528        6.24839        6.24839
            529        6.24839        6.24839
            530        6.24839        6.24839
            531        6.24839        6.24839
            532        6.24839        6.24839
            533        6.24839        6.24839
            534        6.24839        6.24839
            535        6.24839        6.24839
            536        6.24839        6.24866
            537        6.24839        6.24839
            538        6.24839        6.24839
            539        6.24839        6.24839
            540        6.24839        6.24839
            541        6.24839        6.24839
            542        6.24839        6.24839
            543        6.24839        6.24839
            544        6.24839        6.24839
            545        6.24839        6.24839
            546        6.24839        6.24839
            547        6.24839        6.24839
            548        6.24839        6.24839
            549        6.24839        6.24839
            550        6.24839        6.24839
            551        6.24839        6.24839
            552        6.24839        6.24839
            553        6.24839        6.24839
            554        6.24839        6.24839
            555        6.24839        6.25272
            556        6.24839        6.24839
            557        6.24839        6.24839
            558        6.24839        6.24839
            559        6.24839        6.24974
            560        6.24839        6.24839
            561        6.24839        6.24839
            562        6.24839        6.25283
            563        6.24839        6.24839
            564        6.24839        6.24839
            565        6.24839        6.24839
            566        6.24839        6.24839
            567        6.24839        6.24839
            568        6.24839        6.24839
            569        6.24839        6.24839
            570        6.24839        6.24839
            571        6.24839        6.24839
            572        6.24839        6.24839
            573        6.24839        6.24839
            574        6.24839        6.24839
            575        6.24839        6.24839
            576        6.24839        6.24839
            577        6.24839        6.24839
            578        6.24839        6.24839
            579        6.24839        6.24839
            580        6.24839        6.24839
            581        6.24839        6.24839
            582        6.24839        6.24839
            583        6.24839        6.24839
            584        6.24839        6.24839
            585        6.24839        6.24839
            586        6.24839        6.24839
            587        6.24839        6.24839
            588        6.24839        6.24839
            589        6.24839        6.24839
            590        6.24839        6.24839
            591        6.24839        6.24839
            592        6.24839        6.24839
            593        6.24839        6.24839
            594        6.24839        6.24839
            595        6.24839        6.24839
            596        6.24839        6.24839
            597        6.24839        6.24839
            598        6.24839        6.24839
            599        6.24839        6.24839
            600        6.24839        6.24839
            601        6.24839        6.24839
            602        6.24839        6.24839
            603        6.24839        6.24839
            604        6.24839        6.24839
            605        6.24839        6.24839
            606        6.24839        6.24839
            607        6.24839        6.24839
            608        6.24839        6.24839
            609        6.24839        6.24839
            610        6.24839        6.24839
            611        6.24839        6.24839
            612        6.24839        6.24865
            613        6.24839        6.24839
            614        6.24839        6.24839
            615        6.24839        6.24839
            616        6.24839        6.24839
            617        6.24839        6.24839
            618        6.24839        6.24839
            619        6.24839        6.24839
            620        6.24839        6.24839
            621        6.24839        6.24839
            622        6.24839        6.24839
            623        6.24839        6.24839
            624        6.24839        6.24839
            625        6.24839        6.24839
            626        6.24839        6.24839
            627        6.24839        6.24839
            628        6.24839        6.24839
            629        6.24839        6.24839
            630        6.24839        6.24839
            631        6.24839        6.24839
            632        6.24839        6.27336
            633        6.24839        6.24839
            634        6.24839        6.24839
            635        6.24839        6.24839
            636        6.24839        6.24839
            637        6.24839        6.24839
            638        6.24839        6.24839
            639        6.24839        6.24839
            640        6.24839        6.24839
            641        6.24839        6.24839
            642        6.24839        6.24839
            643        6.24839        6.24839
            644        6.24839        6.24839
            645        6.24839        6.24839
            646        6.24839        6.24839
            647        6.24839        6.24839
            648        6.24839        6.24839
            649        6.24839        6.24839
            650        6.24839        6.24839
            651        6.24839        6.24839
            652        6.24839        6.24839
            653        6.24839        6.24839
            654        6.24839        6.24839
            655        6.24839        6.24839
            656        6.24839        6.24839
            657        6.24839        6.24839
            658        6.24839        6.24922
            659        6.24839        6.24839
            660        6.24839        6.24839
            661        6.24839        6.24839
            662        6.24839        6.24839
            663        6.24839        6.24839
            664        6.24839        6.24839
            665        6.24839        6.24839
            666        6.24839        6.24839
            667        6.24839        6.24839
            668        6.24839        6.24839
            669        6.24839        6.24839
            670        6.24839        6.24839
            671        6.24839        6.24839
            672        6.24839        6.24839
            673        6.24839        6.24839
            674        6.24839        6.24839
            675        6.24839        6.24839
            676        6.24839        6.24839
            677        6.24839        6.24839
            678        6.24839        6.24839
            679        6.24839        6.24839
            680        6.24839        6.24839
            681        6.24839        6.24839
            682        6.24839        6.24839
            683        6.24839        6.24839
            684        6.24839        6.24839
            685        6.24839        6.24839
            686        6.24839        6.24839
            687        6.24839        6.24839
            688        6.24839        6.24839
            689        6.24839        6.24839
            690        6.24839        6.24866
            691        6.24839        6.26815
            692        6.24839        6.24839
            693        6.24839        6.24929
            694        6.24839        6.28558
            695        6.24839        6.24867
            696        6.24839        6.24839
            697        6.24839        6.24839
            698        6.24839        6.24839
            699        6.24839        6.24839
            700        6.24839        6.24839
            701        6.24839        6.24839
            702        6.24839        6.24839
            703        6.24839        6.24839
            704        6.24839        6.24839
            705        6.24839        6.24839
            706        6.24839        6.24839
            707        6.24839        6.24839
            708        6.24839        6.25031
            709        6.24839        6.24839
            710        6.24839        6.24839
            711        6.24839        6.24839
            712        6.24839        6.24839
            713        6.24839        6.24839
            714        6.24839        6.24839
            715        6.24839        6.24839
            716        6.24839        6.24839
            717        6.24839        6.25888
            718        6.24839        6.25134
            719        6.24839        6.24839
            720        6.24839        6.24839
            721        6.24839        6.24839
            722        6.24839        6.24839
            723        6.24839        6.24893
            724        6.24839        6.24839
            725        6.24839        6.24839
            726        6.24839        6.24839
            727        6.24839        6.24839
            728        6.24839        6.24839
            729        6.24839        6.24839
            730        6.24839        6.24839
            731        6.24839        6.24903
            732        6.24839        6.24839
            733        6.24839        6.24839
            734        6.24839        6.24839
            735        6.24839        6.24839
            736        6.24839        6.24839
            737        6.24839        6.24839
            738        6.24839        6.24839
            739        6.24839        6.24839
            740        6.24839        6.24839
            741        6.24839        6.24839
            742        6.24839        6.24839
            743        6.24839        6.24839
            744        6.24839        6.24839
            745        6.24839        6.24839
            746        6.24839        6.24839
            747        6.24839        6.24839
            748        6.24839        6.24839
            749        6.24839        6.24839
            750        6.24839        6.24839
            751        6.24839        6.24839
            752        6.24839        6.24839
            753        6.24839        6.24839
            754        6.24839        6.24839
            755        6.24839        6.24839
            756        6.24839        6.27334
            757        6.24839        6.24839
            758        6.24839        6.24839
            759        6.24839        6.24839
            760        6.24839        6.24839
            761        6.24839        6.24839
            762        6.24839        6.24839
            763        6.24839        6.24839
            764        6.24839        6.24839
            765        6.24839        6.24839
            766        6.24839        6.24839
            767        6.24839        6.24839
            768        6.24839        6.24839
            769        6.24839        6.24839
            770        6.24839        6.24839
            771        6.24839        6.24839
            772        6.24839        6.24839
            773        6.24839        6.24839
            774        6.24839        6.24839
            775        6.24839        6.24839
            776        6.24839        6.24839
            777        6.24839        6.25134
            778        6.24839        6.24839
            779        6.24839        6.24839
            780        6.24839        6.25987
            781        6.24839        6.24839
            782        6.24839        6.24839
            783        6.24839        6.24839
            784        6.24839        6.24839
            785        6.24839        6.24839
            786        6.24839        6.24844
            787        6.24839        6.25427
            788        6.24839        6.26387
            789        6.24839        6.24839
            790        6.24839        6.24844
            791        6.24839        6.24839
            792        6.24839        6.24839
            793        6.24839        6.24839
            794        6.24839        6.24839
            795        6.24839        6.24839
            796        6.24839        6.24839
            797        6.24839        6.24839
            798        6.24839        6.24839
            799        6.24839        6.24839
            800        6.24839        6.24839
            801        6.24839        6.24839
            802        6.24839        6.24839
            803        6.24839        6.24839
            804        6.24839        6.24839
            805        6.24839        6.24839
            806        6.24839        6.24839
            807        6.24839        6.24839
            808        6.24839        6.24839
            809        6.24839        6.24839
            810        6.24839        6.24839
            811        6.24839        6.24839
            812        6.24839        6.24839
            813        6.24839        6.24839
            814        6.24839        6.24839
            815        6.24839        6.24839
            816        6.24839          6.251
            817        6.24839        6.24839
            818        6.24839        6.24839
            819        6.24839        6.24839
            820        6.24839        6.24839
            821        6.24839        6.25048
            822        6.24839        6.24839
            823        6.24839        6.24956
            824        6.24839        6.24839
            825        6.24839        6.24839
            826        6.24839        6.24839
            827        6.24839        6.24839
            828        6.24839        6.24839
            829        6.24839        6.24839
            830        6.24839        6.24839
            831        6.24839        6.24839
            832        6.24839        6.24839
            833        6.24839        6.24839
            834        6.24839        6.24839
            835        6.24839        6.24839
            836        6.24839        6.24839
            837        6.24839        6.24839
            838        6.24839        6.24839
            839        6.24839        6.24839
            840        6.24839        6.24839
            841        6.24839        6.24839
            842        6.24839        6.24839
            843        6.24839        6.24839
            844        6.24839        6.24839
            845        6.24839        6.24839
            846        6.24839        6.24839
            847        6.24839        6.24839
            848        6.24839        6.24839
            849        6.24839        6.24839
            850        6.24839        6.24839
            851        6.24839        6.24839
            852        6.24839        6.24839
            853        6.24839        6.24839
            854        6.24839        6.24839
            855        6.24839        6.24839
            856        6.24839        6.24839
            857        6.24839        6.24839
            858        6.24839        6.24839
            859        6.24839        6.24839
            860        6.24839        6.24839
            861        6.24839        6.24929
            862        6.24839        6.24839
            863        6.24839        6.24839
            864        6.24839        6.24839
            865        6.24839        6.24839
            866        6.24839        6.24839
            867        6.24839        6.24839
            868        6.24839        6.24839
            869        6.24839        6.24839
            870        6.24839        6.24839
            871        6.24839        6.24839
            872        6.24839        6.24839
            873        6.24839        6.24839
            874        6.24839        6.24839
            875        6.24839        6.24839
            876        6.24839        6.24839
            877        6.24839        6.24839
            878        6.24839        6.24839
            879        6.24839        6.24839
            880        6.24839        6.27169
            881        6.24839        6.24839
            882        6.24839        6.24839
            883        6.24839        6.24839
            884        6.24839        6.24839
            885        6.24839        6.24839
            886        6.24839        6.24839
            887        6.24839        6.24839
            888        6.24839        6.24839
            889        6.24839        6.24839
            890        6.24839        6.24839
            891        6.24839        6.24839
            892        6.24839        6.24839
            893        6.24839        6.24839
            894        6.24839        6.24839
            895        6.24839        6.24839
            896        6.24839        6.24839
            897        6.24839        6.24839
            898        6.24839        6.24839
            899        6.24839        6.24839
            900        6.24839        6.24839
            901        6.24839        6.24839
            902        6.24839        6.24839
            903        6.24839        6.24839
            904        6.24839        6.24839
            905        6.24839        6.24839
            906        6.24839        6.24839
            907        6.24839        6.24839
            908        6.24839        6.24839
            909        6.24839        6.24839
            910        6.24839        6.24839
            911        6.24839        6.24839
            912        6.24839        6.24839
            913        6.24839        6.24839
            914        6.24839        6.24848
            915        6.24839        6.24839
            916        6.24839        6.24839
            917        6.24839        6.24839
            918        6.24839        6.24839
            919        6.24839        6.24839
            920        6.24839        6.24839
            921        6.24839        6.24839
            922        6.24839        6.24839
            923        6.24839        6.24839
            924        6.24839        6.24839
            925        6.24839        6.24839
            926        6.24839        6.24839
            927        6.24839        6.24839
            928        6.24839        6.24839
            929        6.24839        6.24839
            930        6.24839        6.24839
            931        6.24839        6.24839
            932        6.24839        6.24839
            933        6.24839        6.24839
            934        6.24839        6.24839
            935        6.24839        6.24839
            936        6.24839        6.24839
            937        6.24839        6.24839
            938        6.24839        6.24839
            939        6.24839        6.24839
            940        6.24839        6.24839
            941        6.24839        6.24839
            942        6.24839        6.24839
            943        6.24839        6.24839
            944        6.24839        6.24839
            945        6.24839        6.24839
            946        6.24839        6.24839
            947        6.24839        6.24839
            948        6.24839        6.24839
            949        6.24839        6.24839
            950        6.24839        6.24839
            951        6.24839        6.24839
            952        6.24839        6.24839
            953        6.24839        6.24839
            954        6.24839        6.24839
            955        6.24839        6.24839
            956        6.24839        6.24839
            957        6.24839        6.24839
            958        6.24839        6.24839
            959        6.24839        6.24839
            960        6.24839        6.24839
            961        6.24839        6.24839
            962        6.24839        6.24839
            963        6.24839        6.24839
            964        6.24839        6.24839
            965        6.24839        6.24866
            966        6.24839        6.24893
            967        6.24839        6.24839
            968        6.24839        6.24839
            969        6.24839        6.24839
            970        6.24839        6.24839
            971        6.24839        6.24839
            972        6.24839        6.24839
            973        6.24839        6.24839
            974        6.24839        6.24839
            975        6.24839        6.24839
            976        6.24839        6.24839
            977        6.24839        6.24839
            978        6.24839        6.24839
            979        6.24839        6.24839
            980        6.24839        6.24839
            981        6.24839        6.24839
            982        6.24839        6.25147
            983        6.24839        6.24839
            984        6.24839        6.24839
            985        6.24839        6.24839
            986        6.24839        6.25015
            987        6.24839        6.24839
            988        6.24839        6.24839
            989        6.24839        6.24839
            990        6.24839        6.24839
            991        6.24839        6.24839
            992        6.24839        6.24839
            993        6.24839        6.24839
            994        6.24839        6.24839
            995        6.24839        6.24839
            996        6.24839        6.24839
            997        6.24839        6.24839
            998        6.24839        6.24839
            999        6.24839        6.24839
