              0        33.8289        40.9356
              1        28.6828        37.1098
              2        27.9124        33.5607
              3        26.2173        30.5023
              4        25.3874        28.0676
              5        23.4644        26.5691
              6        22.3071        24.9836
              7        22.3071        23.3785
              8        22.3071        22.4979
              9        22.2856         22.307
             10        22.2856        22.3011
             11        22.2856        22.2885
             12        21.9411         22.285
             13         21.644        22.1807
             14        21.6277        21.9301
             15        21.6277         21.726
             16         21.622        21.6292
             17        21.1939        21.6248
             18        20.8875        21.5133
             19        20.8875        21.2277
             20        20.7713        20.9504
             21        20.2335          20.85
             22        20.2119        20.5628
             23        20.2119        20.2656
             24        20.2119        20.2156
             25        20.2119        20.2119
             26        20.2119        20.2119
             27        20.2119        20.2119
             28        20.2119        20.2119
             29        20.2119        20.2119
             30        20.2119        20.2119
             31        20.2119        20.2119
             32        20.2119        20.2119
             33        20.2119        20.2119
             34        20.2119        20.2119
             35        19.8781        20.2113
             36        19.3033        20.1464
             37        19.3033        19.8324
             38        19.3033        19.4061
             39        19.3033        19.3033
             40        19.3033        19.3033
             41        19.3033        19.3033
             42        19.3033        19.3033
             43        19.3033        19.3033
             44        19.3033        19.3033
             45        19.3033        19.3033
             46        19.3033        19.3033
             47        19.3033        19.3033
             48         18.811        19.3024
             49         18.811        19.1394
             50         18.811        18.8676
             51         18.811         18.811
             52         18.811         18.811
             53         18.811         18.811
             54         18.811         18.811
             55         18.811         18.811
             56         18.811         18.811
             57         18.811         18.811
             58         18.811         18.811
             59        18.7353        18.8109
             60        18.7353        18.7903
             61        18.7353         18.747
             62        18.7353        18.7353
             63        18.7353        18.7353
             64        18.7353        18.7353
             65        18.7353        18.7353
             66        18.7353        18.7353
             67        17.6694        18.7332
             68        16.7249         18.403
             69        16.5089        17.3467
             70         14.754        16.6599
             71         14.754         15.987
             72         14.754        14.8654
             73         14.754         14.754
             74         14.754         14.754
             75         14.754         14.754
             76         14.754         14.754
             77         14.754         14.754
             78         14.754         14.754
             79         14.754         14.754
             80         14.754         14.754
             81         14.754         14.754
             82        14.7212        14.7539
             83        14.7212        14.7434
             84        14.7212        14.7263
             85        14.7212        14.7212
             86         14.718        14.7212
             87         14.718        14.7204
             88         14.718        14.7184
             89         14.718         14.718
             90         14.718         14.718
             91         14.718         14.718
             92         14.718         14.718
             93         14.718         14.718
             94         14.718         14.718
             95         14.718         14.718
             96         14.718         14.718
             97         14.718         14.718
             98         14.718         14.718
             99        14.7114        14.7179
            100        14.3648        14.7153
            101        14.3583        14.6077
            102        14.3583        14.4188
            103        14.3583        14.3583
            104        14.3583        14.3583
            105        14.3583        14.3583
            106        14.3583        14.3583
            107        14.3583        14.3583
            108        14.3583        14.3583
            109        14.1641        14.3579
            110        14.1641        14.3117
            111        14.1641        14.1924
            112        14.1641        14.1641
            113        14.1641        14.1641
            114        14.1593         14.164
            115        14.1593        14.1629
            116        14.1593        14.1599
            117        14.1593        14.1593
            118        14.1593        14.1593
            119        14.1593        14.1593
            120        14.1593        14.1593
            121        14.1593        14.1593
            122        14.1593        14.1593
            123        14.1593        14.1593
            124        14.1593        14.1593
            125        14.1593        14.1593
            126        14.1593        14.1593
            127        14.1593        14.1593
            128        14.1593        14.1593
            129        14.1316        14.1592
            130        14.0378        14.1498
            131        14.0142        14.0991
            132        14.0142         14.049
            133        14.0142        14.0179
            134        14.0142        14.0142
            135        14.0142        14.0142
            136        14.0142        14.0142
            137        14.0142        14.0142
            138        14.0142        14.0142
            139        14.0142        14.0142
            140        14.0142        14.0142
            141        14.0142        14.0142
            142        14.0142        14.0142
            143        14.0142        14.0142
            144        14.0142        14.0142
            145        14.0142        14.0142
            146        14.0142        14.0142
            147        14.0142        14.0142
            148        14.0142        14.0142
            149        14.0142        14.0142
            150        14.0142        14.0142
            151        14.0142        14.0142
            152        14.0142        14.0142
            153        14.0142        14.0142
            154        14.0142        14.0142
            155        14.0142        14.0142
            156        14.0142        14.0142
            157        14.0142        14.0142
            158        14.0142        14.0142
            159        14.0142        14.0142
            160        14.0142        14.0142
            161        14.0142        14.0142
            162        14.0142        14.0142
            163        14.0142        14.0142
            164        14.0142        14.0142
            165        14.0142        14.0142
            166        13.8382        14.0138
            167        13.8382        13.9706
            168        13.8382        13.8633
            169        13.8382        13.8382
            170        13.8382        13.8382
            171        13.8382        13.8382
            172        13.8382        13.8382
            173        13.8382        13.8382
            174        13.8382        13.8382
            175        13.8382        13.8382
            176        13.8382        13.8382
            177        13.8382        13.8382
            178        13.8382        13.8382
            179        13.8382        13.8382
            180        13.8382        13.8382
            181        13.8382        13.8382
            182        13.8382        13.8382
            183        13.8382        13.8382
            184        13.8382        13.8382
            185        13.8382        13.8382
            186        13.8382        13.8382
            187        13.8382        13.8382
            188        13.8382        13.8382
            189        13.8382        13.8382
            190        13.8382        13.8382
            191        13.8382        13.8382
            192        13.8382        13.8382
            193        13.8382        13.8382
            194        13.8382        13.8382
            195        13.8382        13.8382
            196        13.8382        13.8382
            197        13.8382        13.8382
            198        13.8382        13.8382
            199        13.8382        13.8382
            200        13.8382        13.8382
            201        13.8382        13.8382
            202        13.8382        13.8382
            203        13.8382        13.8382
            204        13.8382        13.8382
            205        13.8382        13.8382
            206        13.8382        13.8382
            207        13.8382        13.8382
            208        13.8382        13.8382
            209        13.8382        13.8382
            210        13.8382        13.8382
            211        13.8382        13.8382
            212        13.8382        13.8382
            213        13.8382        13.8382
            214        13.8382        13.8382
            215        13.8382        13.8382
            216        13.8382        13.8382
            217        13.8382        13.8382
            218        13.8382        13.8382
            219        13.8382        13.8382
            220        13.8382        13.8382
            221        13.8382        13.8382
            222        13.8382        13.8382
            223        13.8382        13.8382
            224        13.8382        13.8382
            225        13.8382        13.8382
            226        13.8382        13.8382
            227        13.8382        13.8382
            228        13.8382        13.8382
            229        13.8382        13.8382
            230        13.8382        13.8382
            231        13.8382        13.8382
            232        13.8382        13.8382
            233        13.8382        13.8382
            234        13.8382        13.8382
            235        13.8382        13.8382
            236        13.8382        13.8382
            237        13.8382        13.8382
            238        13.8382        13.8382
            239        13.8382        13.8382
            240        13.8382        13.8382
            241         13.744         13.838
            242        13.7006        13.8106
            243        13.7006        13.7412
            244        13.5932        13.7047
            245        13.5932         13.673
            246        13.5932        13.6121
            247        13.5932        13.5932
            248        13.5932        13.5932
            249        13.5932        13.5932
            250        13.5932        13.5932
            251        13.5932        13.5932
            252        13.5932        13.5932
            253        13.5932        13.5932
            254        13.5932        13.5932
            255        13.5932        13.5932
            256        13.5932        13.5932
            257        13.5932        13.5932
            258        13.5932        13.5932
            259        13.5932        13.5932
            260        13.5932        13.5932
            261        13.3635        13.5928
            262        13.1947        13.5277
            263        13.1889        13.3349
            264        13.1889        13.2247
            265        13.1889        13.1895
            266        13.1889        13.1889
            267        13.1889        13.1889
            268        13.1889        13.1889
            269        13.1889        13.1889
            270        13.1889        13.1889
            271        12.9766        13.1884
            272        12.9003        13.1266
            273        12.9003        12.9763
            274        12.9003        12.9049
            275        12.9003        12.9003
            276        12.9003        12.9003
            277        12.9003        12.9003
            278        12.9003        12.9003
            279        12.9003        12.9003
            280        12.9003        12.9003
            281        12.9003        12.9003
            282        12.9003        12.9003
            283        12.9003        12.9003
            284        12.9003        12.9003
            285        12.9003        12.9003
            286        12.9003        12.9003
            287        12.8163        12.9002
            288        12.8163        12.8761
            289        12.8163        12.8282
            290        12.8163        12.8163
            291        12.8163        12.8163
            292        12.8163        12.8163
            293        12.8163        12.8163
            294        12.8163        12.8163
            295        12.8163        12.8163
            296        12.8163        12.8163
            297        12.8163        12.8163
            298        12.8163        12.8163
            299        12.8163        12.8163
            300        12.8163        12.8163
            301        12.5821        12.8158
            302        12.5821        12.7502
            303        12.5821        12.6212
            304        11.7273        12.5804
            305        11.7273        12.3326
            306        11.7273        11.8343
            307        11.7273        11.7273
            308        11.7273        11.7273
            309        11.7273        11.7273
            310        11.7273        11.7273
            311        11.7273        11.7273
            312        11.7273        11.7273
            313        11.7273        11.7273
            314        11.7273        11.7273
            315        11.7273        11.7273
            316        11.7273        11.7273
            317        11.7273        11.7273
            318        11.7273        11.7273
            319        11.7273        11.7273
            320        11.7273        11.7273
            321        11.7273        11.7273
            322        11.7273        11.7273
            323        11.7273        11.7273
            324        11.7273        11.7273
            325        11.7273        11.7273
            326        11.7273        11.7273
            327        11.7273        11.7273
            328        11.7273        11.7273
            329        11.7273        11.7273
            330        11.7273        11.7273
            331        11.7273        11.7273
            332        11.7273        11.7273
            333        11.7273        11.7273
            334        11.7273        11.7273
            335        11.7273        11.7273
            336        11.7273        11.7273
            337        11.7273        11.7273
            338        11.7273        11.7273
            339        11.7273        11.7273
            340        11.7273        11.7273
            341        11.7273        11.7273
            342        11.7273        11.7273
            343        11.5008        11.7269
            344        11.5008        11.6697
            345        11.5008        11.5496
            346        11.5008        11.5008
            347        11.5008        11.5008
            348        11.5008        11.5008
            349        11.4679        11.5008
            350        11.4679        11.4921
            351        11.4679        11.4715
            352        11.4679        11.4679
            353        11.4679        11.4679
            354        11.4679        11.4679
            355        11.4679        11.4679
            356         11.364        11.4677
            357         11.364        11.4415
            358         11.364        11.3781
            359         11.364         11.364
            360         11.364         11.364
            361         11.364         11.364
            362         11.364         11.364
            363        11.0129        11.3633
            364        10.8298        11.2579
            365        10.8298        11.0131
            366        10.8298        10.8536
            367        10.8298        10.8298
            368        10.8298        10.8298
            369        10.8298        10.8298
            370        10.7257        10.8296
            371        10.7257         10.798
            372        10.7257        10.7361
            373        10.7257        10.7257
            374        10.7257        10.7257
            375        10.7257        10.7257
            376        10.7257        10.7257
            377        10.7257        10.7257
            378        10.7257        10.7257
            379        10.7257        10.7257
            380        10.7257        10.7257
            381        10.7257        10.7257
            382        10.7257        10.7257
            383        10.7257        10.7257
            384        10.7257        10.7257
            385        10.6217        10.7255
            386        10.6217        10.6937
            387        10.6217        10.6369
            388        10.6217        10.6217
            389        10.6217        10.6217
            390        10.6217        10.6217
            391        10.6217        10.6217
            392        10.6217        10.6217
            393        10.6217        10.6217
            394        10.6217        10.6217
            395        10.6217        10.6217
            396        10.6217        10.6217
            397        10.6217        10.6217
            398        10.6217        10.6217
            399        10.6217        10.6217
            400        10.6217        10.6217
            401        10.6217        10.6217
            402        10.6217        10.6217
            403        10.6217        10.6217
            404        10.6217        10.6217
            405        10.6217        10.6217
            406        10.6217        10.6217
            407        10.6217        10.6217
            408        10.6217        10.6217
            409        10.6217        10.6217
            410        10.6217        10.6217
            411        10.6217        10.6217
            412        10.6217        10.6217
            413        10.6217        10.6217
            414        10.6217        10.6217
            415        10.6217        10.6217
            416        10.6217        10.6217
            417        10.6217        10.6217
            418        10.6217        10.6217
            419        10.6217        10.6217
            420        10.6217        10.6217
            421        10.6217        10.6217
            422        10.5698        10.6216
            423        10.5698        10.6063
            424        10.5698        10.5749
            425        10.5698        10.5698
            426        10.5698        10.5698
            427        10.5698        10.5698
            428        10.5698        10.5698
            429        10.5698        10.5698
            430        10.5698        10.5698
            431        10.5698        10.5698
            432        10.5698        10.5698
            433        10.5698        10.5698
            434        10.5698        10.5698
            435        10.5698        10.5698
            436        10.5698        10.5698
            437        10.5698        10.5698
            438        10.5698        10.5698
            439        10.5698        10.5698
            440        10.5698        10.5698
            441        10.5698        10.5698
            442        10.5698        10.5698
            443        10.5698        10.5698
            444        10.5698        10.5698
            445        10.5698        10.5698
            446        10.5698        10.5698
            447        10.5698        10.5698
            448        10.5698        10.5698
            449        10.5698        10.5698
            450        10.5698        10.5698
            451        10.5698        10.5698
            452        10.5698        10.5698
            453        10.5698        10.5698
            454        10.5698        10.5698
            455        10.5698        10.5698
            456        10.5698        10.5698
            457        10.5698        10.5698
            458        10.5698        10.5698
            459        10.5698        10.5698
            460        10.5698        10.5698
            461        10.5698        10.5698
            462        10.5698        10.5698
            463        10.5698        10.5698
            464        10.5698        10.5698
            465        10.5698        10.5698
            466        10.5698        10.5698
            467        10.5698        10.5698
            468        10.5698        10.5698
            469        10.5698        10.5698
            470        10.5698        10.5698
            471        10.5698        10.5698
            472        10.5698        10.5698
            473        10.5698        10.5698
            474        10.5698        10.5698
            475        10.5698        10.5698
            476        10.5698        10.5698
            477        10.5698        10.5698
            478        10.5698        10.5698
            479        10.5698        10.5698
            480        10.5698        10.5698
            481        10.5698        10.5698
            482        10.5698        10.5698
            483        10.5698        10.5698
            484        10.5698        10.5698
            485        10.5698        10.5698
            486        10.5698        10.5698
            487        10.5698        10.5698
            488        10.5698        10.5698
            489        10.5698        10.5698
            490        10.5698        10.5698
            491        10.5698        10.5698
            492        10.5698        10.5698
            493        10.5698        10.5698
            494        10.5698        10.5698
            495        10.5698        10.5698
            496        10.5698        10.5698
            497        10.5698        10.5698
            498        10.5698        10.5698
            499        10.5698        10.5698
            500        10.5698        10.5698
            501        10.5698        10.5698
            502        10.5698        10.5698
            503        10.5698        10.5698
            504        10.5642        10.5698
            505        10.1648        10.5338
            506        10.1648        10.3067
            507        10.1648        10.1648
            508        10.1648        10.1648
            509        10.1648        10.1648
            510        10.1648        10.1648
            511        10.1648        10.1648
            512        10.1648        10.1648
            513        10.1648        10.1648
            514        10.1648        10.1648
            515        10.1648        10.1648
            516        10.1648        10.1648
            517        10.1648        10.1648
            518        10.1648        10.1648
            519        10.1648        10.1648
            520        10.1648        10.1648
            521        10.1648        10.1648
            522        10.1648        10.1648
            523        10.1648        10.1648
            524        10.1648        10.1648
            525        10.1648        10.1648
            526        10.1648        10.1648
            527        10.1648        10.1648
            528        10.1648        10.1648
            529        10.1648        10.1648
            530        10.1648        10.1648
            531        10.1648        10.1648
            532        10.1648        10.1648
            533        10.1648        10.1648
            534        10.1648        10.1648
            535        10.1648        10.1648
            536        10.1648        10.1648
            537        10.1648        10.1648
            538        10.1648        10.1648
            539        10.1648        10.1648
            540        10.1648        10.1648
            541        10.1648        10.1648
            542        10.1648        10.1648
            543        10.1648        10.1648
            544        10.1648        10.1648
            545        10.1648        10.1648
            546        10.1648        10.1648
            547        10.1648        10.1648
            548        10.1648        10.1648
            549        10.1648        10.1648
            550        10.1648        10.1648
            551        10.1648        10.1648
            552        10.1648        10.1648
            553        10.1648        10.1648
            554        10.1648        10.1648
            555        10.1648        10.1648
            556        10.1648        10.1648
            557        10.1648        10.1648
            558        10.1648        10.1648
            559        10.1648        10.1648
            560        10.1648        10.1648
            561        10.1648        10.1648
            562        10.1648        10.1648
            563        10.1648        10.1648
            564        10.1648        10.1648
            565        10.1648        10.1648
            566        10.1648        10.1648
            567        10.1648        10.1648
            568        10.1648        10.1648
            569        10.1648        10.1648
            570        10.1648        10.1648
            571        10.1287        10.1647
            572        10.1287        10.1568
            573        10.1287        10.1356
            574        10.1287        10.1287
            575        10.1287        10.1287
            576        10.1287        10.1287
            577        10.1287        10.1287
            578        10.1287        10.1287
            579        10.1287        10.1287
            580        10.1287        10.1287
            581        10.1287        10.1287
            582        10.1287        10.1287
            583        10.1287        10.1287
            584        10.1287        10.1287
            585        10.1287        10.1287
            586        10.1287        10.1287
            587        10.1287        10.1287
            588        10.1287        10.1287
            589        10.1287        10.1287
            590        10.1287        10.1287
            591        10.1287        10.1287
            592        10.1287        10.1287
            593        10.1287        10.1287
            594        10.1287        10.1287
            595        10.1287        10.1287
            596        10.1287        10.1287
            597        10.1287        10.1287
            598        10.1287        10.1287
            599        10.1287        10.1287
            600        10.1287        10.1287
            601        10.1287        10.1287
            602        10.1287        10.1287
            603        10.0884        10.1287
            604        10.0884        10.1161
            605        10.0884        10.0925
            606        10.0884        10.0884
            607        10.0884        10.0884
            608        10.0884        10.0884
            609        10.0884        10.0884
            610        10.0884        10.0884
            611        10.0884        10.0884
            612        10.0884        10.0884
            613        10.0884        10.0884
            614        10.0884        10.0884
            615        10.0884        10.0884
            616        10.0884        10.0884
            617        10.0884        10.0884
            618        10.0884        10.0884
            619        10.0884        10.0884
            620        10.0884        10.0884
            621        10.0884        10.0884
            622        10.0884        10.0884
            623        10.0884        10.0884
            624        10.0884        10.0884
            625        10.0884        10.0884
            626        10.0884        10.0884
            627        10.0738        10.0884
            628        10.0738        10.0842
            629        10.0738         10.076
            630        10.0738        10.0738
            631        10.0738        10.0738
            632        10.0738        10.0738
            633        10.0738        10.0738
            634        10.0738        10.0738
            635        10.0738        10.0738
            636        10.0738        10.0738
            637        10.0738        10.0738
            638        10.0738        10.0738
            639        10.0738        10.0738
            640        10.0738        10.0738
            641        10.0738        10.0738
            642        10.0738        10.0738
            643        10.0738        10.0738
            644        10.0738        10.0738
            645        10.0738        10.0738
            646        10.0738        10.0738
            647        10.0738        10.0738
            648        10.0738        10.0738
            649        10.0738        10.0738
            650        10.0485        10.0738
            651        10.0485        10.0668
            652        10.0485         10.051
            653        9.90951        10.0483
            654        9.90951        10.0131
            655        9.90951        9.93471
            656        9.90951        9.90951
            657        9.31278        9.90832
            658        9.31278        9.73745
            659        9.31278        9.41558
            660        9.31278        9.31278
            661        9.31278        9.31278
            662        9.31278        9.31278
            663        9.31278        9.31278
            664        9.13559        9.31243
            665        9.13559        9.26936
            666        9.13559        9.16588
            667        9.13559        9.13559
            668        9.13559        9.13559
            669        9.13559        9.13559
            670        9.13559        9.13559
            671        9.13559        9.13559
            672        9.13559        9.13559
            673        9.13559        9.13559
            674        9.13559        9.13559
            675        9.13559        9.13559
            676        9.13559        9.13559
            677        9.13559        9.13559
            678        9.13559        9.13559
            679        9.13559        9.13559
            680        9.13559        9.13559
            681        9.13559        9.13559
            682        9.13559        9.13559
            683        9.13559        9.13559
            684        9.13559        9.13559
            685        9.13559        9.13559
            686        9.13559        9.13559
            687        9.13559        9.13559
            688        9.13559        9.13559
            689        9.13559        9.13559
            690        9.13559        9.13559
            691        9.13559        9.13559
            692        9.13559        9.13559
            693        9.13559        9.13559
            694        9.13559        9.13559
            695        9.13559        9.13559
            696        9.13559        9.13559
            697        9.13559        9.13559
            698        9.13559        9.13559
            699        9.13559        9.13559
            700        9.13559        9.13559
            701        9.13559        9.13559
            702        9.13559        9.13559
            703        9.13559        9.13559
            704        9.13559        9.13559
            705        9.13559        9.13559
            706        9.13559        9.13559
            707        9.13559        9.13559
            708        9.13559        9.13559
            709        9.13559        9.13559
            710        9.13559        9.13559
            711        9.13559        9.13559
            712        9.13559        9.13559
            713        9.13559        9.13559
            714        9.13559        9.13559
            715        9.13559        9.13559
            716        9.13559        9.13559
            717        9.13559        9.13559
            718        9.13559        9.13559
            719        9.13559        9.13559
            720        9.13559        9.13559
            721        9.13559        9.13559
            722        9.13559        9.13559
            723        9.08081        9.13548
            724        9.08081          9.122
            725        9.08081        9.09336
            726        9.08081        9.08081
            727        9.08081        9.08081
            728        9.08081        9.08081
            729        9.08081        9.08081
            730        9.08081        9.08081
            731        9.08081        9.08081
            732        9.08081        9.08081
            733        9.08081        9.08081
            734        9.08081        9.08081
            735        9.08081        9.08081
            736        9.08081        9.08081
            737        9.08081        9.08081
            738        9.08081        9.08081
            739        9.08081        9.08081
            740        9.08081        9.08081
            741        9.08081        9.08081
            742        9.08081        9.08081
            743        9.08081        9.08081
            744        9.08081        9.08081
            745        9.08081        9.08081
            746        9.08081        9.08081
            747        9.08081        9.08081
            748        9.08081        9.08081
            749        9.08081        9.08081
            750        9.08081        9.08081
            751        9.08081        9.08081
            752        9.08081        9.08081
            753        9.08081        9.08081
            754        9.08081        9.08081
            755        9.08081        9.08081
            756        9.08081        9.08081
            757        9.08081        9.08081
            758        9.08081        9.08081
            759        9.08081        9.08081
            760        9.08081        9.08081
            761        9.08081        9.08081
            762        9.08081        9.08081
            763        9.08081        9.08081
            764        9.08081        9.08081
            765        9.08081        9.08081
            766        9.08081        9.08081
            767        9.08081        9.08081
            768        9.08081        9.08081
            769        9.08081        9.08081
            770        9.08081        9.08081
            771        9.08081        9.08081
            772        9.08081        9.08081
            773        9.08081        9.08081
            774        9.08081        9.08081
            775        9.08081        9.08081
            776        9.08081        9.08081
            777        9.08081        9.08081
            778        9.08081        9.08081
            779        9.08081        9.08081
            780        9.08081        9.08081
            781        9.08081        9.08081
            782        9.08081        9.08081
            783        9.08081        9.08081
            784        9.08081        9.08081
            785        9.08081        9.08081
            786        9.08081        9.08081
            787        9.08081        9.08081
            788        9.08081        9.08081
            789        9.08081        9.08081
            790        9.08081        9.08081
            791        9.08081        9.08081
            792        9.08081        9.08081
            793        9.08081        9.08081
            794        8.76225        9.08017
            795        8.76225        8.98779
            796        8.76225        8.80876
            797        8.76225        8.76225
            798        8.76225        8.76225
            799        8.76225        8.76225
            800        8.76225        8.76225
            801        8.76225        8.76225
            802        8.76225        8.76225
            803        8.76225        8.76225
            804        8.76225        8.76225
            805        8.76225        8.76225
            806        8.76225        8.76225
            807        8.76225        8.76225
            808        8.76225        8.76225
            809        8.08312         8.7609
            810        8.08312        8.57507
            811        8.08312        8.18841
            812        8.08312        8.08312
            813        8.08312        8.08312
            814        8.08312        8.08312
            815        8.08312        8.08312
            816        8.08312        8.08312
            817        8.08312        8.08312
            818        8.08312        8.08312
            819        8.08312        8.08312
            820        8.08312        8.08312
            821        8.08312        8.08312
            822        8.08312        8.08312
            823        8.08312        8.08312
            824        8.07339         8.0831
            825        7.49047        8.07603
            826        7.49047        7.85212
            827        7.49047        7.54497
            828        7.49047        7.49047
            829        7.49047        7.49047
            830        7.49047        7.49047
            831        7.49047        7.49047
            832        7.49047        7.49047
            833        7.49047        7.49047
            834        7.49047        7.49047
            835        7.49047        7.49047
            836        7.47884        7.49045
            837        6.85129        7.46572
            838        6.24839        7.15296
            839        6.24839        6.61545
            840        6.24839        6.29532
            841        6.24839        6.24839
            842        6.24839        6.24839
            843        6.24839        6.24839
            844        6.24839        6.24839
            845        6.24839        6.24839
            846        6.24839        6.24839
            847        6.24839        6.24839
            848        6.24839        6.24839
            849        6.24839        6.24839
            850        6.24839        6.24839
            851        6.24839        6.24839
            852        6.24839        6.24839
            853        6.24839        6.24839
            854        6.24839        6.24839
            855        6.24839        6.24839
            856        6.24839        6.24839
            857        6.24839        6.24839
            858        6.24839        6.24839
            859        6.24839        6.24839
            860        6.24839        6.24839
            861        6.24839        6.24839
            862        6.24839        6.24839
            863        6.24839        6.24839
            864        6.24839        6.24839
            865        6.24839        6.24839
            866        6.24839        6.24839
            867        6.24839        6.24839
            868        6.24839        6.24839
            869        6.24839        6.24839
            870        6.24839        6.24839
            871        6.24839        6.24839
            872        6.24839        6.24839
            873        6.24839        6.24839
            874        6.24839        6.24839
            875        6.24839        6.24839
            876        6.24839        6.24839
            877        6.24839        6.24839
            878        6.24839        6.24839
            879        6.24839        6.24839
            880        6.24839        6.24839
            881        6.24839        6.24839
            882        6.24839        6.24839
            883        6.24839        6.24839
            884        6.24839        6.24839
            885        6.24839        6.24839
            886        6.24839        6.24839
            887        6.24839        6.24839
            888        6.24839        6.24839
            889        6.24839        6.24839
            890        6.24839        6.24839
            891        6.24839        6.24839
            892        6.24839        6.24839
            893        6.24839        6.24839
            894        6.24839        6.24839
            895        6.24839        6.24839
            896        6.24839        6.24839
            897        6.24839        6.24839
            898        6.24839        6.24839
            899        6.24839        6.24839
            900        6.24839        6.24839
            901        6.24839        6.24839
            902        6.24839        6.24839
            903        6.24839        6.24839
            904        6.24839        6.24839
            905        6.24839        6.24839
            906        6.24839        6.24839
            907        6.24839        6.24839
            908        6.24839        6.24839
            909        6.24839        6.24839
            910        6.24839        6.24839
            911        6.24839        6.24839
            912        6.24839        6.24839
            913        6.24839        6.24839
            914        6.24839        6.24839
            915        6.24839        6.24839
            916        6.24839        6.24839
            917        6.24839        6.24839
            918        6.24839        6.24839
            919        6.24839        6.24839
            920        6.24839        6.24839
            921        6.24839        6.24839
            922        6.24839        6.24839
            923        6.24839        6.24839
            924        6.24839        6.24839
            925        6.24839        6.24839
            926        6.24839        6.24839
            927        6.24839        6.24839
            928        6.24839        6.24839
            929        6.24839        6.24839
            930        6.24839        6.24839
            931        6.24839        6.24839
            932        6.24839        6.24839
            933        6.24839        6.24839
            934        6.24839        6.24839
            935        6.24839        6.24839
            936        6.24839        6.24839
            937        6.24839        6.24839
            938        6.24839        6.24839
            939        6.24839        6.24839
            940        6.24839        6.24839
            941        6.24839        6.24839
            942        6.24839        6.24839
            943        6.24839        6.24839
            944        6.24839        6.24839
            945        6.24839        6.24839
            946        6.24839        6.24839
            947        6.24839        6.24839
            948        6.24839        6.24839
            949        6.24839        6.24839
            950        6.24839        6.24839
            951        6.24839        6.24839
            952        6.24839        6.24839
            953        6.24839        6.24839
            954        6.24839        6.24839
            955        6.24839        6.24839
            956        6.24839        6.24839
            957        6.24839        6.24839
            958        6.24839        6.24839
            959        6.24839        6.24839
            960        6.24839        6.24839
            961        6.24839        6.24839
            962        6.24839        6.24839
            963        6.24839        6.24839
            964        6.24839        6.24839
            965        6.24839        6.24839
            966        6.24839        6.24839
            967        6.24839        6.24839
            968        6.24839        6.24839
            969        6.24839        6.24839
            970        6.24839        6.24839
            971        6.24839        6.24839
            972        6.24839        6.24839
            973        6.24839        6.24839
            974        6.24839        6.24839
            975        6.24839        6.24839
            976        6.24839        6.24839
            977        6.24839        6.24839
            978        6.24839        6.24839
            979        6.24839        6.24839
            980        6.24839        6.24839
            981        6.24839        6.24839
            982        6.24839        6.24839
            983        6.24839        6.24839
            984        6.24839        6.24839
            985        6.24839        6.24839
            986        6.24839        6.24839
            987        6.24839        6.24839
            988        6.24839        6.24839
            989        6.24839        6.24839
            990        6.24839        6.24839
            991        6.24839        6.24839
            992        6.24839        6.24839
            993        6.24839        6.24839
            994        6.24839        6.24839
            995        6.24839        6.24839
            996        6.24839        6.24839
            997        6.24839        6.24839
            998        6.24839        6.24839
            999        6.24839        6.24839
