              0        33.8289        40.9356
              1        30.0032         37.084
              2        27.2525        33.8385
              3          25.91        30.7876
              4        24.4829        28.4974
              5        23.3129        27.0136
              6        22.3271        25.4307
              7         21.315        23.7386
              8        20.4725        22.4815
              9         19.803         21.583
             10        17.1083        20.9854
             11        16.4927        19.6588
             12        15.4815        18.0954
             13        15.3313        17.1188
             14         15.257        16.2825
             15        14.4424        15.7055
             16        13.2605        15.2518
             17        13.1813        14.5883
             18        12.3579        14.1908
             19        11.7918         13.659
             20        11.1774        12.8342
             21        11.0415        12.2654
             22        10.9443        11.7017
             23         10.766        11.5323
             24         9.8058        11.2547
             25        9.52424        10.8253
             26         9.2831        10.1942
             27        9.25039        9.78347
             28        9.10177        9.53398
             29        8.86507         9.3939
             30        8.86154        9.22437
             31        8.86154        9.10014
             32        8.27304         8.9927
             33        7.49723        8.83281
             34        7.10947        8.48445
             35        6.33366        7.98957
             36        6.28872        7.40314
             37        6.28872        6.83051
             38        6.28872        6.63407
             39        6.28872        6.49261
             40        6.28872        6.49968
             41        6.28872        6.39857
             42        6.24839        6.29977
             43        6.24839        6.32889
             44        6.24839        6.39532
             45        6.24839        6.34838
             46        6.24839         6.4963
             47        6.24839        6.40726
             48        6.24839        6.39019
             49        6.24839        6.55582
             50        6.24839        6.49439
             51        6.24839        6.45402
             52        6.24839        6.41058
             53        6.24839         6.2957
             54        6.24839        6.31406
             55        6.24839        6.29898
             56        6.24839        6.30236
             57        6.24839        6.26547
             58        6.24839        6.30302
             59        6.24839         6.2929
             60        6.24839        6.35579
             61        6.24839        6.31718
             62        6.24839        6.26735
             63        6.24839        6.33609
             64        6.24839        6.37347
             65        6.24839        6.50714
             66        6.24839        6.37142
             67        6.24839        6.43232
             68        6.24839        6.44692
             69        6.24839        6.50854
             70        6.24839        6.33814
             71        6.24839        6.36564
             72        6.24839        6.32783
             73        6.24839        6.48155
             74        6.24839        6.49426
             75        6.24839        6.37956
             76        6.24839         6.3767
             77        6.24839        6.32544
             78        6.24839        6.50592
             79        6.24839        6.54335
             80        6.24839         6.3082
             81        6.24839         6.3563
             82        6.24839         6.4307
             83        6.24839        6.37721
             84        6.24839        6.31188
             85        6.24839        6.28933
             86        6.24839        6.46723
             87        6.24839         6.4068
             88        6.24839        6.39277
             89        6.24839        6.39776
             90        6.24839        6.31715
             91        6.24839        6.30355
             92        6.24839        6.37505
             93        6.24839        6.32173
             94        6.24839        6.28801
             95        6.24839        6.32946
             96        6.24839        6.32922
             97        6.24839        6.28451
             98        6.24839        6.34297
             99        6.24839        6.37636
            100        6.24839        6.38708
            101        6.24839        6.34554
            102        6.24839         6.4149
            103        6.24839        6.31858
            104        6.24839        6.34008
            105        6.24839         6.3166
            106        6.24839        6.27547
            107        6.24839        6.32979
            108        6.24839        6.44951
            109        6.24839        6.38038
            110        6.24839        6.37497
            111        6.24839        6.36335
            112        6.24839        6.37146
            113        6.24839        6.34055
            114        6.24839        6.34729
            115        6.24839        6.29904
            116        6.24839        6.36744
            117        6.24839        6.37759
            118        6.24839        6.44571
            119        6.24839        6.40783
            120        6.24839        6.41934
            121        6.24839        6.42117
            122        6.24839        6.38319
            123        6.24839        6.41676
            124        6.24839        6.35894
            125        6.24839        6.47411
            126        6.24839        6.38382
            127        6.24839        6.33446
            128        6.24839        6.25007
            129        6.24839        6.33717
            130        6.24839        6.30523
            131        6.24839        6.39366
            132        6.24839        6.49527
            133        6.24839        6.38089
            134        6.24839         6.3454
            135        6.24839        6.35774
            136        6.24839        6.35583
            137        6.24839        6.47249
            138        6.24839        6.37306
            139        6.24839        6.37286
            140        6.24839        6.38131
            141        6.24839        6.34703
            142        6.24839        6.39134
            143        6.24839        6.37842
            144        6.24839        6.44925
            145        6.24839        6.43574
            146        6.24839        6.43733
            147        6.24839        6.43348
            148        6.24839        6.41338
            149        6.24839        6.37274
            150        6.24839        6.27339
            151        6.24839        6.27816
            152        6.24839        6.30917
            153        6.24839         6.3318
            154        6.24839        6.29393
            155        6.24839        6.30743
            156        6.24839        6.42018
            157        6.24839        6.40868
            158        6.24839        6.35286
            159        6.24839        6.40917
            160        6.24839        6.43698
            161        6.24839        6.43261
            162        6.24839        6.37379
            163        6.24839        6.33851
            164        6.24839        6.43862
            165        6.24839        6.36298
            166        6.24839        6.31231
            167        6.24839        6.38626
            168        6.24839        6.45512
            169        6.24839        6.36317
            170        6.24839        6.32303
            171        6.24839        6.31173
            172        6.24839        6.37533
            173        6.24839        6.34872
            174        6.24839        6.34116
            175        6.24839        6.33746
            176        6.24839        6.29266
            177        6.24839         6.2937
            178        6.24839        6.33831
            179        6.24839         6.3165
            180        6.24839        6.37682
            181        6.24839        6.32912
            182        6.24839        6.37566
            183        6.24839        6.30027
            184        6.24839        6.41414
            185        6.24839        6.38838
            186        6.24839        6.37334
            187        6.24839         6.4227
            188        6.24839        6.38671
            189        6.24839        6.31039
            190        6.24839        6.29709
            191        6.24839         6.2798
            192        6.24839        6.31487
            193        6.24839        6.31999
            194        6.24839        6.44962
            195        6.24839        6.46142
            196        6.24839        6.43994
            197        6.24839        6.34058
            198        6.24839        6.37062
            199        6.24839        6.37332
            200        6.24839         6.3258
            201        6.24839        6.38787
            202        6.24839        6.35903
            203        6.24839        6.36747
            204        6.24839        6.33583
            205        6.24839        6.28661
            206        6.24839        6.26135
            207        6.24839        6.33595
            208        6.24839        6.35658
            209        6.24839        6.32456
            210        6.24839        6.33989
            211        6.24839        6.36022
            212        6.24839        6.35102
            213        6.24839        6.40648
            214        6.24839        6.37767
            215        6.24839        6.34091
            216        6.24839        6.41389
            217        6.24839        6.35512
            218        6.24839        6.39841
            219        6.24839        6.29995
            220        6.24839        6.35688
            221        6.24839        6.47543
            222        6.24839         6.4186
            223        6.24839        6.33829
            224        6.24839        6.34747
            225        6.24839        6.37211
            226        6.24839        6.38813
            227        6.24839        6.38612
            228        6.24839        6.45968
            229        6.24839        6.33817
            230        6.24839        6.41642
            231        6.24839        6.37481
            232        6.24839        6.41481
            233        6.24839        6.46181
            234        6.24839        6.44303
            235        6.24839        6.47858
            236        6.24839        6.39998
            237        6.24839        6.36381
            238        6.24839        6.28775
            239        6.24839         6.3315
            240        6.24839        6.42507
            241        6.24839        6.35709
            242        6.24839        6.38821
            243        6.24839        6.33172
            244        6.24839        6.32854
            245        6.24839        6.34712
            246        6.24839        6.29276
            247        6.24839        6.42819
            248        6.24839        6.40075
            249        6.24839        6.34644
            250        6.24839        6.33145
            251        6.24839        6.29987
            252        6.24839        6.34301
            253        6.24839        6.42185
            254        6.24839        6.44462
            255        6.24839        6.27043
            256        6.24839        6.27095
            257        6.24839        6.30602
            258        6.24839        6.36651
            259        6.24839         6.2989
            260        6.24839        6.32506
            261        6.24839        6.33799
            262        6.24839        6.38872
            263        6.24839        6.36292
            264        6.24839        6.47328
            265        6.24839        6.35615
            266        6.24839        6.29386
            267        6.24839        6.29082
            268        6.24839        6.36197
            269        6.24839        6.37005
            270        6.24839         6.4829
            271        6.24839        6.31109
            272        6.24839        6.33525
            273        6.24839          6.332
            274        6.24839        6.30126
            275        6.24839        6.28565
            276        6.24839        6.25992
            277        6.24839         6.2693
            278        6.24839        6.34957
            279        6.24839        6.36457
            280        6.24839        6.28142
            281        6.24839        6.28897
            282        6.24839        6.28149
            283        6.24839         6.2915
            284        6.24839         6.4802
            285        6.24839        6.40882
            286        6.24839        6.39586
            287        6.24839        6.44953
            288        6.24839        6.33094
            289        6.24839        6.37834
            290        6.24839         6.4361
            291        6.24839        6.34224
            292        6.24839        6.39189
            293        6.24839        6.38536
            294        6.24839        6.37371
            295        6.24839        6.45453
            296        6.24839        6.35065
            297        6.24839        6.41397
            298        6.24839        6.38022
            299        6.24839        6.53286
            300        6.24839        6.43823
            301        6.24839        6.43433
            302        6.24839        6.33299
            303        6.24839        6.30901
            304        6.24839         6.4562
            305        6.24839        6.43358
            306        6.24839        6.45751
            307        6.24839        6.32375
            308        6.24839        6.34622
            309        6.24839        6.30627
            310        6.24839        6.36805
            311        6.24839        6.33805
            312        6.24839        6.31818
            313        6.24839        6.30142
            314        6.24839        6.33643
            315        6.24839         6.4519
            316        6.24839        6.33282
            317        6.24839        6.38561
            318        6.24839        6.43952
            319        6.24839        6.34082
            320        6.24839        6.29243
            321        6.24839        6.34462
            322        6.24839        6.33631
            323        6.24839        6.29175
            324        6.24839        6.28576
            325        6.24839        6.30449
            326        6.24839        6.31755
            327        6.24839        6.31341
            328        6.24839        6.31058
            329        6.24839         6.3272
            330        6.24839        6.36718
            331        6.24839        6.36658
            332        6.24839        6.31084
            333        6.24839        6.44791
            334        6.24839        6.38163
            335        6.24839        6.32834
            336        6.24839         6.3322
            337        6.24839        6.30989
            338        6.24839        6.40412
            339        6.24839        6.34362
            340        6.24839        6.33186
            341        6.24839           6.34
            342        6.24839        6.36309
            343        6.24839        6.30745
            344        6.24839        6.33657
            345        6.24839        6.42631
            346        6.24839        6.38081
            347        6.24839        6.34855
            348        6.24839        6.42191
            349        6.24839        6.41752
            350        6.24839        6.53495
            351        6.24839        6.43404
            352        6.24839        6.47555
            353        6.24839        6.47621
            354        6.24839         6.3375
            355        6.24839        6.32541
            356        6.24839        6.39223
            357        6.24839        6.36538
            358        6.24839        6.29252
            359        6.24839        6.44581
            360        6.24839        6.38473
            361        6.24839        6.40858
            362        6.24839        6.42282
            363        6.24839        6.30308
            364        6.24839        6.44484
            365        6.24839        6.44301
            366        6.24839        6.29285
            367        6.24839        6.28582
            368        6.24839        6.34452
            369        6.24839        6.39254
            370        6.24839        6.29426
            371        6.24839        6.29325
            372        6.24839        6.33863
            373        6.24839        6.26399
            374        6.24839        6.32416
            375        6.24839        6.31423
            376        6.24839        6.36816
            377        6.24839        6.35774
            378        6.24839        6.37647
            379        6.24839        6.41031
            380        6.24839        6.34683
            381        6.24839        6.32212
            382        6.24839        6.41159
            383        6.24839        6.39572
            384        6.24839        6.40582
            385        6.24839         6.3487
            386        6.24839        6.39638
            387        6.24839        6.34372
            388        6.24839        6.42293
            389        6.24839        6.39138
            390        6.24839        6.32982
            391        6.24839        6.26141
            392        6.24839        6.38919
            393        6.24839        6.43038
            394        6.24839        6.33617
            395        6.24839        6.34665
            396        6.24839        6.34555
            397        6.24839        6.27301
            398        6.24839        6.45901
            399        6.24839        6.39577
            400        6.24839        6.40427
            401        6.24839        6.35717
            402        6.24839        6.41071
            403        6.24839        6.37581
            404        6.24839        6.45823
            405        6.24839        6.34166
            406        6.24839        6.33028
            407        6.24839        6.37115
            408        6.24839        6.30915
            409        6.24839         6.5552
            410        6.24839        6.55701
            411        6.24839        6.39657
            412        6.24839         6.3603
            413        6.24839          6.411
            414        6.24839        6.38102
            415        6.24839        6.32255
            416        6.24839        6.34825
            417        6.24839        6.38083
            418        6.24839        6.43847
            419        6.24839        6.40716
            420        6.24839        6.43065
            421        6.24839         6.3529
            422        6.24839        6.37401
            423        6.24839        6.56787
            424        6.24839        6.44914
            425        6.24839        6.53328
            426        6.24839        6.51277
            427        6.24839        6.46587
            428        6.24839        6.34795
            429        6.24839        6.39556
            430        6.24839        6.40063
            431        6.24839        6.33482
            432        6.24839        6.34319
            433        6.24839        6.36998
            434        6.24839        6.28972
            435        6.24839        6.29033
            436        6.24839        6.27925
            437        6.24839         6.2963
            438        6.24839        6.35929
            439        6.24839        6.46662
            440        6.24839        6.44091
            441        6.24839         6.4527
            442        6.24839        6.31154
            443        6.24839        6.33211
            444        6.24839        6.33601
            445        6.24839        6.36802
            446        6.24839        6.38442
            447        6.24839        6.40706
            448        6.24839        6.26593
            449        6.24839        6.25503
            450        6.24839        6.28586
            451        6.24839        6.39914
            452        6.24839        6.41505
            453        6.24839          6.423
            454        6.24839        6.32225
            455        6.24839        6.32821
            456        6.24839        6.25925
            457        6.24839        6.33227
            458        6.24839        6.47614
            459        6.24839        6.47085
            460        6.24839        6.45021
            461        6.24839        6.47376
            462        6.24839        6.31222
            463        6.24839        6.28409
            464        6.24839         6.3495
            465        6.24839        6.40689
            466        6.24839        6.37097
            467        6.24839        6.33263
            468        6.24839        6.42733
            469        6.24839        6.35334
            470        6.24839        6.42591
            471        6.24839        6.42906
            472        6.24839        6.46865
            473        6.24839        6.33919
            474        6.24839        6.35277
            475        6.24839        6.36092
            476        6.24839        6.35146
            477        6.24839        6.39274
            478        6.24839        6.35077
            479        6.24839        6.31761
            480        6.24839        6.28828
            481        6.24839        6.38039
            482        6.24839        6.36904
            483        6.24839         6.3686
            484        6.24839        6.31825
            485        6.24839        6.36603
            486        6.24839        6.28896
            487        6.24839         6.3381
            488        6.24839        6.39866
            489        6.24839        6.36183
            490        6.24839        6.30098
            491        6.24839        6.31549
            492        6.24839        6.37184
            493        6.24839        6.31331
            494        6.24839        6.32368
            495        6.24839        6.33337
            496        6.24839        6.31452
            497        6.24839        6.35015
            498        6.24839        6.35115
            499        6.24839        6.25951
            500        6.24839        6.31802
            501        6.24839        6.29421
            502        6.24839        6.33138
            503        6.24839        6.28851
            504        6.24839        6.32916
            505        6.24839        6.33274
            506        6.24839        6.40393
            507        6.24839        6.34703
            508        6.24839        6.28626
            509        6.24839        6.35595
            510        6.24839        6.27791
            511        6.24839        6.40897
            512        6.24839         6.3435
            513        6.24839        6.42948
            514        6.24839        6.32014
            515        6.24839        6.35041
            516        6.24839        6.36923
            517        6.24839        6.33276
            518        6.24839        6.46245
            519        6.24839        6.52091
            520        6.24839        6.43601
            521        6.24839        6.45953
            522        6.24839        6.39786
            523        6.24839        6.43757
            524        6.24839         6.4596
            525        6.24839        6.41827
            526        6.24839         6.3504
            527        6.24839         6.3181
            528        6.24839        6.29013
            529        6.24839        6.32857
            530        6.24839        6.41725
            531        6.24839        6.35993
            532        6.24839        6.28095
            533        6.24839        6.35704
            534        6.24839        6.39129
            535        6.24839        6.35201
            536        6.24839         6.4283
            537        6.24839        6.41254
            538        6.24839        6.42332
            539        6.24839        6.39433
            540        6.24839        6.30407
            541        6.24839        6.35125
            542        6.24839        6.29548
            543        6.24839        6.31346
            544        6.24839         6.4778
            545        6.24839        6.28694
            546        6.24839        6.28662
            547        6.24839        6.39231
            548        6.24839        6.30613
            549        6.24839        6.31841
            550        6.24839        6.33726
            551        6.24839        6.31889
            552        6.24839        6.25867
            553        6.24839        6.27201
            554        6.24839         6.3042
            555        6.24839        6.35314
            556        6.24839        6.32184
            557        6.24839        6.49516
            558        6.24839        6.46791
            559        6.24839        6.40192
            560        6.24839        6.26347
            561        6.24839        6.27171
            562        6.24839        6.34543
            563        6.24839        6.35596
            564        6.24839        6.42069
            565        6.24839          6.485
            566        6.24839        6.36973
            567        6.24839        6.34474
            568        6.24839         6.3794
            569        6.24839        6.37556
            570        6.24839        6.45591
            571        6.24839        6.29504
            572        6.24839        6.31113
            573        6.24839        6.29172
            574        6.24839        6.27986
            575        6.24839        6.32882
            576        6.24839        6.38929
            577        6.24839        6.38579
            578        6.24839        6.37552
            579        6.24839        6.32134
            580        6.24839        6.31462
            581        6.24839        6.38735
            582        6.24839        6.38421
            583        6.24839        6.28719
            584        6.24839        6.44183
            585        6.24839        6.36295
            586        6.24839        6.40853
            587        6.24839        6.43353
            588        6.24839        6.43411
            589        6.24839        6.42166
            590        6.24839        6.32367
            591        6.24839        6.38524
            592        6.24839        6.34663
            593        6.24839          6.384
            594        6.24839        6.42986
            595        6.24839        6.41015
            596        6.24839        6.47203
            597        6.24839        6.38186
            598        6.24839        6.44435
            599        6.24839        6.30615
            600        6.24839        6.28436
            601        6.24839        6.28549
            602        6.24839        6.33973
            603        6.24839        6.46032
            604        6.24839        6.31645
            605        6.24839        6.44402
            606        6.24839        6.44356
            607        6.24839        6.40357
            608        6.24839        6.51165
            609        6.24839        6.42159
            610        6.24839        6.34259
            611        6.24839        6.42722
            612        6.24839        6.45585
            613        6.24839         6.3698
            614        6.24839         6.3658
            615        6.24839        6.34724
            616        6.24839        6.29746
            617        6.24839        6.35817
            618        6.24839        6.30886
            619        6.24839         6.4186
            620        6.24839        6.45294
            621        6.24839        6.43626
            622        6.24839        6.33613
            623        6.24839         6.2782
            624        6.24839        6.30888
            625        6.24839        6.36581
            626        6.24839        6.37369
            627        6.24839        6.41743
            628        6.24839        6.37821
            629        6.24839        6.39708
            630        6.24839        6.44089
            631        6.24839          6.281
            632        6.24839        6.27362
            633        6.24839        6.26569
            634        6.24839        6.31027
            635        6.24839        6.35813
            636        6.24839        6.45066
            637        6.24839         6.5724
            638        6.24839        6.42069
            639        6.24839        6.38423
            640        6.24839        6.34396
            641        6.24839        6.42519
            642        6.24839        6.37477
            643        6.24839        6.38582
            644        6.24839        6.48467
            645        6.24839        6.46563
            646        6.24839        6.34175
            647        6.24839        6.34255
            648        6.24839        6.37173
            649        6.24839        6.40077
            650        6.24839          6.415
            651        6.24839         6.3944
            652        6.24839        6.44982
            653        6.24839        6.37662
            654        6.24839        6.42402
            655        6.24839        6.45083
            656        6.24839        6.42601
            657        6.24839        6.57683
            658        6.24839        6.37827
            659        6.24839        6.38889
            660        6.24839         6.2484
            661        6.24839        6.29633
            662        6.24839        6.36638
            663        6.24839        6.33912
            664        6.24839         6.3789
            665        6.24839        6.43164
            666        6.24839        6.40563
            667        6.24839        6.41433
            668        6.24839        6.42921
            669        6.24839        6.45558
            670        6.24839        6.33164
            671        6.24839        6.37364
            672        6.24839        6.34843
            673        6.24839        6.32358
            674        6.24839        6.40589
            675        6.24839        6.50241
            676        6.24839         6.4766
            677        6.24839        6.36552
            678        6.24839        6.50827
            679        6.24839        6.32971
            680        6.24839         6.2844
            681        6.24839        6.32267
            682        6.24839        6.36131
            683        6.24839         6.3506
            684        6.24839        6.34511
            685        6.24839        6.34939
            686        6.24839        6.30669
            687        6.24839        6.43819
            688        6.24839        6.44713
            689        6.24839        6.31736
            690        6.24839        6.36153
            691        6.24839        6.34751
            692        6.24839        6.35582
            693        6.24839        6.48145
            694        6.24839        6.42287
            695        6.24839        6.34968
            696        6.24839        6.37329
            697        6.24839        6.35302
            698        6.24839        6.48365
            699        6.24839        6.45157
            700        6.24839        6.42458
            701        6.24839        6.30568
            702        6.24839        6.26879
            703        6.24839        6.32588
            704        6.24839        6.31447
            705        6.24839        6.31409
            706        6.24839        6.29015
            707        6.24839        6.40041
            708        6.24839        6.28953
            709        6.24839        6.41517
            710        6.24839        6.39616
            711        6.24839        6.46117
            712        6.24839        6.38521
            713        6.24839        6.38041
            714        6.24839        6.40248
            715        6.24839        6.39118
            716        6.24839        6.35891
            717        6.24839        6.36405
            718        6.24839        6.34052
            719        6.24839        6.41957
            720        6.24839        6.30906
            721        6.24839        6.40879
            722        6.24839        6.43074
            723        6.24839        6.39509
            724        6.24839        6.26589
            725        6.24839        6.34535
            726        6.24839        6.34693
            727        6.24839        6.39636
            728        6.24839          6.295
            729        6.24839        6.30545
            730        6.24839         6.3439
            731        6.24839        6.30834
            732        6.24839        6.35317
            733        6.24839        6.35817
            734        6.24839        6.36955
            735        6.24839        6.41027
            736        6.24839        6.42488
            737        6.24839        6.46493
            738        6.24839        6.41469
            739        6.24839        6.32053
            740        6.24839        6.31653
            741        6.24839        6.39862
            742        6.24839        6.40875
            743        6.24839        6.42111
            744        6.24839        6.37201
            745        6.24839        6.40254
            746        6.24839        6.36184
            747        6.24839        6.29796
            748        6.24839          6.389
            749        6.24839        6.35194
            750        6.24839        6.35525
            751        6.24839        6.28297
            752        6.24839        6.29964
            753        6.24839        6.30496
            754        6.24839        6.32099
            755        6.24839        6.34627
            756        6.24839        6.34858
            757        6.24839        6.32444
            758        6.24839        6.35462
            759        6.24839        6.40463
            760        6.24839        6.40441
            761        6.24839        6.35493
            762        6.24839         6.3234
            763        6.24839        6.24877
            764        6.24839        6.27813
            765        6.24839        6.47224
            766        6.24839        6.42984
            767        6.24839        6.45272
            768        6.24839        6.44219
            769        6.24839        6.35707
            770        6.24839        6.36877
            771        6.24839        6.35962
            772        6.24839        6.43239
            773        6.24839        6.33392
            774        6.24839        6.39618
            775        6.24839        6.37812
            776        6.24839        6.39727
            777        6.24839        6.33966
            778        6.24839        6.31493
            779        6.24839        6.31467
            780        6.24839        6.40381
            781        6.24839         6.6554
            782        6.24839        6.54511
            783        6.24839         6.4079
            784        6.24839        6.45015
            785        6.24839        6.43396
            786        6.24839        6.44847
            787        6.24839        6.32032
            788        6.24839        6.50692
            789        6.24839         6.3796
            790        6.24839        6.29839
            791        6.24839        6.34347
            792        6.24839        6.37001
            793        6.24839        6.30863
            794        6.24839        6.39681
            795        6.24839        6.38273
            796        6.24839        6.48598
            797        6.24839        6.47614
            798        6.24839         6.3851
            799        6.24839        6.41384
            800        6.24839        6.38611
            801        6.24839        6.43334
            802        6.24839        6.38462
            803        6.24839        6.36423
            804        6.24839        6.32205
            805        6.24839        6.49643
            806        6.24839        6.56869
            807        6.24839        6.48887
            808        6.24839        6.38851
            809        6.24839        6.34968
            810        6.24839        6.26976
            811        6.24839          6.444
            812        6.24839        6.53006
            813        6.24839        6.38748
            814        6.24839        6.38026
            815        6.24839        6.33884
            816        6.24839         6.4341
            817        6.24839        6.36783
            818        6.24839         6.4431
            819        6.24839        6.43172
            820        6.24839         6.4963
            821        6.24839        6.50281
            822        6.24839        6.33806
            823        6.24839        6.46796
            824        6.24839        6.40328
            825        6.24839        6.26495
            826        6.24839        6.33221
            827        6.24839         6.3435
            828        6.24839        6.39851
            829        6.24839        6.32708
            830        6.24839        6.41938
            831        6.24839        6.40517
            832        6.24839         6.3661
            833        6.24839        6.32911
            834        6.24839         6.2996
            835        6.24839        6.34881
            836        6.24839        6.38773
            837        6.24839        6.36614
            838        6.24839        6.46123
            839        6.24839        6.38302
            840        6.24839        6.33572
            841        6.24839        6.28473
            842        6.24839        6.29058
            843        6.24839        6.26972
            844        6.24839        6.29489
            845        6.24839        6.41594
            846        6.24839        6.50211
            847        6.24839        6.47672
            848        6.24839        6.34398
            849        6.24839        6.47148
            850        6.24839        6.40936
            851        6.24839        6.37682
            852        6.24839        6.42033
            853        6.24839        6.36138
            854        6.24839        6.36448
            855        6.24839         6.3224
            856        6.24839        6.41326
            857        6.24839         6.4886
            858        6.24839        6.48678
            859        6.24839        6.48225
            860        6.24839        6.33923
            861        6.24839        6.29443
            862        6.24839        6.27882
            863        6.24839        6.30381
            864        6.24839        6.39885
            865        6.24839        6.38832
            866        6.24839        6.35243
            867        6.24839         6.3612
            868        6.24839        6.32253
            869        6.24839        6.33662
            870        6.24839        6.32139
            871        6.24839         6.4065
            872        6.24839        6.41017
            873        6.24839        6.37011
            874        6.24839         6.4543
            875        6.24839        6.44915
            876        6.24839        6.40088
            877        6.24839        6.37879
            878        6.24839        6.31236
            879        6.24839        6.32512
            880        6.24839         6.3147
            881        6.24839        6.41677
            882        6.24839        6.33796
            883        6.24839        6.38825
            884        6.24839          6.408
            885        6.24839        6.48316
            886        6.24839        6.48516
            887        6.24839        6.44287
            888        6.24839        6.49765
            889        6.24839        6.57669
            890        6.24839        6.38009
            891        6.24839        6.39163
            892        6.24839        6.46338
            893        6.24839        6.37817
            894        6.24839        6.43674
            895        6.24839        6.56604
            896        6.24839        6.47361
            897        6.24839        6.51186
            898        6.24839        6.53138
            899        6.24839        6.38867
            900        6.24839        6.39366
            901        6.24839         6.4042
            902        6.24839        6.40836
            903        6.24839        6.37062
            904        6.24839        6.30222
            905        6.24839        6.31184
            906        6.24839        6.55637
            907        6.24839        6.36039
            908        6.24839        6.39618
            909        6.24839        6.33393
            910        6.24839        6.35527
            911        6.24839        6.38262
            912        6.24839        6.38539
            913        6.24839        6.43942
            914        6.24839        6.29491
            915        6.24839        6.31965
            916        6.24839        6.30528
            917        6.24839        6.33711
            918        6.24839         6.3374
            919        6.24839        6.30427
            920        6.24839        6.33973
            921        6.24839        6.29943
            922        6.24839        6.39881
            923        6.24839        6.32378
            924        6.24839        6.33049
            925        6.24839        6.40329
            926        6.24839        6.38589
            927        6.24839        6.37088
            928        6.24839        6.39925
            929        6.24839        6.37474
            930        6.24839        6.39879
            931        6.24839        6.44163
            932        6.24839        6.40577
            933        6.24839         6.4155
            934        6.24839        6.47853
            935        6.24839        6.29382
            936        6.24839        6.44166
            937        6.24839        6.37308
            938        6.24839        6.33609
            939        6.24839        6.41255
            940        6.24839        6.47422
            941        6.24839        6.37121
            942        6.24839        6.41396
            943        6.24839        6.33963
            944        6.24839        6.34389
            945        6.24839        6.29057
            946        6.24839        6.31275
            947        6.24839        6.35014
            948        6.24839        6.41757
            949        6.24839        6.35078
            950        6.24839        6.36189
            951        6.24839        6.40813
            952        6.24839        6.32236
            953        6.24839        6.37887
            954        6.24839        6.33088
            955        6.24839        6.29918
            956        6.24839        6.30788
            957        6.24839        6.40605
            958        6.24839        6.39329
            959        6.24839        6.38367
            960        6.24839        6.38193
            961        6.24839        6.43181
            962        6.24839        6.48671
            963        6.24839          6.396
            964        6.24839        6.34117
            965        6.24839        6.35325
            966        6.24839        6.38631
            967        6.24839        6.38991
            968        6.24839        6.34787
            969        6.24839        6.41226
            970        6.24839        6.41042
            971        6.24839        6.35996
            972        6.24839        6.29902
            973        6.24839        6.35781
            974        6.24839        6.47501
            975        6.24839        6.41178
            976        6.24839        6.33327
            977        6.24839        6.30966
            978        6.24839        6.26435
            979        6.24839        6.32476
            980        6.24839         6.3456
            981        6.24839        6.29081
            982        6.24839        6.27423
            983        6.24839        6.32307
            984        6.24839        6.37154
            985        6.24839        6.42141
            986        6.24839        6.32257
            987        6.24839        6.34303
            988        6.24839        6.32492
            989        6.24839        6.36779
            990        6.24839        6.32566
            991        6.24839        6.27583
            992        6.24839        6.29864
            993        6.24839         6.3324
            994        6.24839        6.37072
            995        6.24839        6.33588
            996        6.24839        6.40002
            997        6.24839        6.29916
            998        6.24839        6.27998
            999        6.24839        6.32237
