       0.904783    4.20933e-08
        0.84033      0.0155895
       0.623714      0.0131978
       0.599751      0.0280513
       0.569876      0.0776582
       0.243285       0.114942
       0.197323        0.19994
      0.0772697       0.489183
      0.0609412       0.597791
       0.145295       0.654188
        0.26554       0.731205
       0.144058        0.76758
        0.19704       0.989186
        0.31867       0.968775
       0.443832       0.969841
       0.422053       0.800855
       0.439144       0.791023
       0.375033       0.646914
       0.367408       0.602964
        0.45075       0.648883
       0.508148       0.633492
       0.657467       0.664453
       0.705411       0.689065
       0.727984       0.717875
       0.813867       0.987247
       0.831047       0.939946
       0.905009       0.789324
       0.755516       0.472853
       0.466307       0.418514
       0.554152       0.313369
       0.716771       0.297946
           0.72       0.147666
       0.801816      0.0890063
       0.874098      0.0392506
       0.904783    4.20933e-08
