        3.19693              0
        3.13174      0.0651935
        3.12852      0.0377771
        3.13578      0.0276818
        3.12401      0.0244607
        3.12482      0.0199888
        3.11771      0.0183301
         3.1162      0.0159465
        3.11696      0.0140841
        3.11419      0.0128976
        3.11072      0.0121726
        3.11621      0.0123951
        3.11414      0.0115885
        3.11838      0.0115389
        3.12073      0.0109954
         3.1221      0.0103763
        3.11928      0.0101478
        3.12014     0.00960625
        3.12269     0.00943733
        3.12413     0.00906892
        3.12483     0.00865423
        3.12673     0.00846673
        3.12755     0.00813194
        3.13035      0.0082759
        3.13472     0.00905726
        3.13363     0.00876908
        3.13249     0.00851547
        3.13271     0.00820874
        3.13265     0.00792088
        3.13593     0.00832525
        3.13369     0.00835747
          3.134     0.00809809
        3.13379     0.00785176
        3.13093     0.00813448
        3.13121     0.00790358
          3.132     0.00772116
         3.1325     0.00752639
        3.13295     0.00733947
        3.13384     0.00720368
        3.13386     0.00702132
        3.13439     0.00686836
        3.13298     0.00685023
        3.13314     0.00669086
        3.13331     0.00653929
        3.13334      0.0063924
        3.13424     0.00631592
        3.13548     0.00630464
        3.13572     0.00617626
        3.13618     0.00606684
        3.13517     0.00603018
        3.13584     0.00594913
        3.13506      0.0058862
        3.13476     0.00578186
        3.13578     0.00576459
         3.1361     0.00566806
        3.13554     0.00559423
        3.13631     0.00554944
          3.136     0.00546187
        3.13532     0.00541119
        3.13538     0.00532054
        3.13582     0.00525153
        3.13634     0.00519143
        3.13538     0.00519743
        3.13525     0.00511727
        3.13454     0.00508732
        3.13466     0.00501116
        3.13503     0.00494977
        3.13531     0.00488406
        3.13614     0.00488447
        3.13575     0.00483037
        3.13607     0.00477268
        3.13591     0.00470843
        3.13625     0.00465574
        3.13634     0.00459322
        3.13628     0.00453195
        3.13653     0.00447912
         3.1371     0.00445757
        3.13663     0.00442595
        3.13625     0.00438611
        3.13585     0.00434894
        3.13552     0.00430726
        3.13553     0.00425441
        3.13489     0.00425091
        3.13533     0.00422265
        3.13534     0.00417271
        3.13531     0.00412401
        3.13467     0.00412774
        3.13426      0.0041008
        3.13396     0.00406558
        3.13413     0.00402391
        3.13337     0.00405201
        3.13339     0.00400781
        3.13421      0.0040475
        3.13384     0.00402089
        3.13313     0.00404267
         3.1334      0.0040098
        3.13382     0.00398982
        3.13353     0.00395939
        3.13382     0.00393015
        3.13468     0.00398403