              0        800.223        1042.19
              1        746.605        932.517
              2        703.464        823.946
              3        664.647        756.848
              4        638.947        712.648
              5        612.536        683.004
              6        586.783        654.342
              7        555.481        628.326
              8        534.227        598.564
              9        517.678         567.55
             10        498.168        538.614
             11        477.063        522.126
             12        459.897         503.36
             13        445.438        488.536
             14        436.287        473.896
             15        418.826        460.483
             16        411.423        448.107
             17         399.27        433.186
             18        392.766        420.486
             19        386.229        412.071
             20        384.747        403.479
             21        379.475        399.323
             22        375.347        392.937
             23        367.865        385.672
             24         361.24        380.111
             25        349.474        374.554
             26        347.163        364.862
             27         338.44        360.661
             28        333.201        357.206
             29        330.784        350.389
             30        330.268        344.291
             31        330.268        341.494
             32        329.998        337.712
             33        327.427        334.281
             34        323.863         336.11
             35         322.58        336.325
             36        321.976        332.837
             37        318.381        332.779
             38        309.609        332.678
             39        305.744        326.993
             40        303.158         318.64
             41        298.288        314.348
             42        295.442        308.893
             43        294.186        304.085
             44        292.684        300.249
             45        290.794        297.307
             46        290.794        295.904
             47        288.393        293.123
             48        288.393        293.977
             49        288.393        294.046
             50        288.393        292.616
             51        287.366        291.044
             52        287.083        290.207
             53        285.348          290.6
             54        285.348        291.779
             55        285.348        289.677
             56        285.348        287.789
             57        281.016        287.077
             58        280.369        289.859
             59        280.154        292.989
             60        280.154        289.119
             61         274.49        285.887
             62        274.193        283.123
             63        274.193        280.458
             64        273.185        276.877
             65        273.185        276.098
             66        273.185        274.606
             67        271.184        274.569
             68        271.184        276.369
             69        271.184        276.237
             70        271.184        274.691
             71        271.184        273.391
             72        271.184        272.879
             73        271.184        272.531
             74        271.184        272.815
             75        271.184        272.452
             76        271.184        272.313
             77        271.184        272.602
             78        271.184        272.424
             79        271.184        272.799
             80        271.184        272.666
             81        271.184         274.73
             82        271.184        274.921
             83        271.184        275.019
             84        271.184        274.185
             85        271.184        273.166
             86        271.184        273.236
             87        271.184        272.472
             88        271.184        272.966
             89        271.184        272.565
             90        271.184        272.943
             91        271.184        271.592
             92        271.184        272.109
             93        271.184        271.917
             94        271.184        272.542
             95        271.184        273.081
             96        271.184        272.679
             97        271.184        273.142
             98        271.184        273.437
             99        271.184        272.046
            100        271.184        272.122
            101        268.452        272.346
            102        268.452        271.132
            103        268.452        270.184
            104        268.452        268.874
            105        268.452        269.758
            106        268.452        269.132
            107        268.452        269.573
            108        268.452          268.8
            109        268.452        268.759
            110        268.452        269.538
            111        268.452        274.285
            112        268.452        278.063
            113        268.452        278.098
            114        268.452        275.821
            115        268.452        273.015
            116        268.452        271.436
            117        268.452        270.094
            118        268.452        269.916
            119        268.452        269.629
            120        268.452        268.767
            121        268.452        270.037
            122        268.452        274.183
            123        268.452        274.789
            124        268.452        272.168
            125        268.452        270.743
            126        268.452        270.323
            127        268.452        270.896
            128        268.452        270.258
            129        268.452         270.29
            130        268.452        270.424
            131        268.452        269.641
            132        268.452         269.88
            133        268.452        269.508
            134        268.452        268.985
            135        268.452        268.895
            136        268.452        269.084
            137        268.452        269.273
            138        268.452        268.917
            139        268.452        269.006
            140        268.452        269.086
            141        268.371        269.528
            142        268.371        269.968
            143        268.371        270.472
            144        268.371        269.462
            145        268.371        268.924
            146        268.371        269.374
            147        268.371        268.914
            148        268.371        268.999
            149        268.371        269.139
            150        268.371        269.345
            151        268.371        270.092
            152        268.371        269.753
            153        268.371        269.474
            154        268.371        269.277
            155        268.371        269.854
            156        268.371        270.765
            157        268.371        269.443
            158        268.371        269.653
            159        268.371        269.742
            160        268.371        269.522
            161        268.371        269.733
            162        268.371        270.309
            163        268.371        269.716
            164        268.371        269.643
            165        268.371        269.139
            166        268.371        269.182
            167        268.371        268.898
            168        268.371        269.071
            169        268.371         268.75
            170        268.371        269.104
            171        268.371        269.389
            172        268.371        269.713
            173        268.371        269.387
            174        268.371        269.408
            175        268.371        268.931
            176        268.371         269.35
            177        268.371        269.478
            178        268.371        268.889
            179        268.371        270.033
            180        268.371        269.751
            181        268.371        269.896
            182        268.371        270.016
            183        268.371        270.713
            184        268.371        270.397
            185        268.371        269.598
            186        268.371        269.602
            187        268.371        269.533
            188        268.371        269.211
            189        268.371        269.272
            190        268.371        269.167
            191        268.371        269.033
            192        268.371        269.534
            193        268.371        269.532
            194        268.371         269.59
            195        268.371        269.721
            196        268.371        269.322
            197        268.371        268.752
            198        268.371        268.817
            199        268.371        268.738
            200        268.371        269.047
            201        268.371        269.422
            202        268.371        269.333
            203        268.371        268.994
            204        268.371        269.647
            205        268.371        269.519
            206        268.371         269.41
            207        268.371        269.044
            208        268.371        269.211
            209        268.371        269.309
            210        268.371        268.551
            211        268.371         268.56
            212        268.371        269.222
            213        268.371        269.519
            214        268.371        269.192
            215        268.371        269.639
            216        268.371        269.667
            217        268.371        269.619
            218        268.371        270.015
            219        268.371        269.543
            220        268.371        269.126
            221        268.371        270.102
            222        268.371        269.737
            223        268.371        269.944
            224        268.371        269.639
            225        268.371        269.209
            226        268.371        269.234
            227        268.371        269.503
            228        268.371        269.732
            229        268.371        270.291
            230        268.371        268.937
            231        268.371        269.259
            232        268.371        269.633
            233        268.371        269.154
            234        268.371        269.143
            235        268.371        269.652
            236        268.371         269.76
            237        268.371        269.674
            238        268.371        269.278
            239        268.371        269.577
            240        268.371        270.247
            241        268.371        269.784
            242        268.371        269.874
            243        268.371        270.371
            244        268.371        269.683
            245        268.371        269.337
            246        268.371        269.481
            247        268.371        269.608
            248        268.371        269.773
            249        268.371        269.846
            250        268.371        270.072
            251        268.371        269.687
            252        268.371        270.031
            253        268.371        269.496
            254        268.371        269.349
            255        268.371        269.168
            256        268.371        269.852
            257        268.371        268.973
            258        268.371        268.758
            259        268.371        268.919
            260        268.371         268.62
            261        268.371        269.059
            262        268.371        269.001
            263        268.371        269.369
            264        268.371        269.366
            265        268.371        269.976
            266        268.371        270.059
            267        268.371        269.541
            268        268.371        269.333
            269        268.371        269.682
            270        268.371        269.361
            271        268.371        269.954
            272        268.371         269.51
            273        268.371        269.737
            274        268.371        269.261
            275        268.371        269.472
            276        268.371        269.465
            277        268.371        269.015
            278        268.371        269.311
            279        268.371        269.667
            280        268.371        269.999
            281        268.371        269.979
            282        268.371        269.224
            283        268.371         269.26
            284        268.371        269.193
            285        268.371         269.11
            286        268.371        269.264
            287        268.371        269.642
            288        268.371        270.016
            289        268.371        269.217
            290        268.371        269.348
            291        268.371        270.061
            292        268.371        269.615
            293        268.371        269.758
            294        268.371        269.421
            295        268.371        269.161
            296        268.371        269.078
            297        268.371        269.146
            298        268.371        269.298
            299        268.371        268.963
            300        268.371        269.393
            301        268.371        268.847
            302        268.371        269.163
            303        268.371        269.643
            304        268.371        269.591
            305        268.371        269.746
            306        268.371        269.513
            307        268.371        269.424
            308        268.371        269.351
            309        268.371        269.899
            310        268.371        270.019
            311        268.371        269.974
            312        268.371        269.595
            313        268.371        269.454
            314        268.371        268.836
            315        268.371        269.663
            316        268.371        269.338
            317        268.371        269.014
            318        268.371        269.483
            319        268.371        269.673
            320        268.371        270.004
            321        268.371        270.368
            322        268.371        270.576
            323        268.371          269.7
            324        268.371        270.385
            325        268.371        269.398
            326        268.371        269.265
            327        268.371        270.252
            328        268.371        269.751
            329        268.371        269.389
            330        268.371        269.366
            331        268.371        269.309
            332        268.371        269.084
            333        268.371        270.014
            334        268.371        269.696
            335        268.371        269.728
            336        268.371        269.014
            337        268.371        269.082
            338        268.371        269.073
            339        268.371        269.053
            340        268.371        269.529
            341        268.371        269.759
            342        268.371        270.359
            343        268.371        269.954
            344        268.371         269.41
            345        268.371        268.638
            346        268.371        268.941
            347        268.371        268.991
            348        268.371        269.545
            349        268.371        269.586
            350        268.371        269.428
            351        268.371        269.654
            352        268.371        269.926
            353        268.371        269.347
            354        268.371        269.501
            355        268.371        269.339
            356        268.371        269.503
            357        268.371         269.33
            358        268.371        269.078
            359        268.371        270.104
            360        268.371        269.784
            361        268.371         269.75
            362        268.371        269.802
            363        268.371        270.003
            364        268.371         269.62
            365        268.371        269.906
            366        268.371        269.351
            367        268.371        269.706
            368        268.371         269.82
            369        268.371        269.333
            370        268.371        269.191
            371        268.371        268.988
            372        268.371        269.647
            373        268.371        269.445
            374        268.371        269.328
            375        268.371        270.121
            376        268.371        269.467
            377        268.371        269.974
            378        268.371        269.863
            379        268.371        268.837
            380        268.371        269.263
            381        268.371        269.003
            382        268.371        269.329
            383        268.371         268.92
            384        268.371        269.332
            385        268.371        269.484
            386        268.371        269.007
            387        268.371        269.293
            388        268.371        268.737
            389        268.371        268.939
            390        268.371        270.437
            391        268.371        269.736
            392        268.371        269.713
            393        268.371        269.144
            394        268.371        269.592
            395        268.371        269.132
            396        268.371         268.94
            397        268.371        269.552
            398        268.371        268.856
            399        268.371        268.969
            400        268.371        269.109
            401        268.371        269.186
            402        268.371         269.18
            403        268.371        269.275
            404        268.371        269.434
            405        268.371        269.673
            406        268.371        269.368
            407        268.371        269.856
            408        268.371        269.825
            409        268.371         269.75
            410        268.371        269.834
            411        268.371        269.727
            412        268.371        269.465
            413        268.371        269.126
            414        268.371        268.835
            415        268.371        268.991
            416        268.371        268.637
            417        268.371        268.663
            418        268.371        269.582
            419        268.371        269.348
            420        268.371        269.198
            421        268.371        269.183
            422        268.371         269.34
            423        268.371        268.845
            424        268.371        269.684
            425        268.371        270.023
            426        268.371        269.339
            427        268.371        269.472
            428        268.371        269.699
            429        268.371        269.935
            430        268.371        269.416
            431        268.371         269.61
            432        268.371          269.7
            433        268.371        269.536
            434        268.371         269.03
            435        268.371        269.018
            436        268.371        269.508
            437        268.371        270.066
            438        268.371        270.062
            439        268.371        270.084
            440        268.371        270.238
            441        268.371        269.818
            442        268.371         269.37
            443        268.371        269.177
            444        268.371        269.395
            445        268.371        269.264
            446        268.371        269.898
            447        268.371        270.292
            448        268.371        270.536
            449        268.371        269.457
            450        268.371        269.171
            451        268.371        269.662
            452        268.371        269.691
            453        268.371        268.891
            454        268.371        269.025
            455        268.371        269.517
            456        268.371        269.178
            457        268.371        269.831
            458        268.371        269.572
            459        268.371        269.686
            460        268.371        269.419
            461        268.371        269.609
            462        268.371         269.08
            463        268.371        269.657
            464        268.371        269.571
            465        268.371        269.746
            466        268.371         269.88
            467        268.371        269.489
            468        268.371        269.544
            469        268.371        270.202
            470        268.371        269.361
            471        268.371        269.229
            472        268.371         269.24
            473        268.371        269.681
            474        268.371        269.244
            475        268.371         269.49
            476        268.371        269.222
            477        268.371         269.96
            478        268.371        269.696
            479        268.371        269.619
            480        268.371        269.544
            481        268.371        269.465
            482        268.371        269.417
            483        268.371         268.83
            484        268.371        269.386
            485        268.371        268.642
            486        268.371        269.024
            487        268.371        269.789
            488        268.371        270.626
            489        268.371        270.552
            490        268.371        270.397
            491        268.371         270.96
            492        268.371        270.462
            493        268.371         269.88
            494        268.371        269.421
            495        268.371         269.01
            496        268.371        269.204
            497        268.371        269.286
            498        268.371        269.458
            499        268.371        269.623