              0        819.028        1044.06
              1        755.613        943.044
              2        674.678        839.335
              3        636.716        765.096
              4        613.553        687.539
              5        577.581        649.202
              6        561.218        618.944
              7        541.293        589.857
              8        520.714        567.879
              9         512.32        549.232
             10        499.533        532.964
             11        485.218        520.029
             12        475.854        512.344
             13        470.673        504.802
             14        461.892        499.215
             15        448.111        489.829
             16        436.387        476.806
             17        427.416        459.661
             18        415.957        445.661
             19        398.062        434.002
             20         386.71        419.564
             21        390.404        417.888
             22        380.423        409.749
             23        372.244        401.347
             24        367.949        391.281
             25        362.759        381.363
             26        359.279        375.539
             27        349.766        370.925
             28         346.57        366.952
             29        342.739        360.893
             30        339.177        355.987
             31        335.894         349.84
             32        332.739        347.738
             33        329.207        348.794
             34        329.171        345.492
             35        324.881         342.21
             36        324.059        338.496
             37        322.972        334.693
             38         316.33        330.533
             39        313.727        326.691
             40        312.905        321.897
             41        306.872        321.096
             42        306.131        317.119
             43        305.308        313.534
             44        304.509        309.883
             45        304.509        308.196
             46        301.408        307.533
             47        301.408        306.429
             48        299.887        304.687
             49        298.851        303.229
             50        298.851        302.281
             51        298.851        301.471
             52        298.851        301.135
             53        298.478        300.335
             54        297.665        301.027
             55        296.656        301.292
             56        295.959        300.793
             57        295.028        300.375
             58        294.931        299.439
             59        293.304        298.044
             60        291.899        297.069
             61        286.322        296.051
             62        283.908        293.481
             63        283.908        290.795
             64        283.908        287.622
             65        283.908        286.014
             66        282.013        285.747
             67        282.013        289.838
             68        280.363        292.428
             69        280.363        291.038
             70        280.363        290.234
             71        280.363         286.31
             72        280.363        283.868
             73        280.363          283.4
             74        277.662        282.245
             75        277.662         283.35
             76        277.662        285.099
             77        277.662        282.598
             78        277.662        280.734
             79        277.662        279.195
             80        277.662        278.481
             81        277.097         281.96
             82        277.097         282.45
             83        277.097        280.682
             84        277.097        279.054
             85        277.097        278.696
             86        276.162        278.375
             87        275.515        278.089
             88        273.087        277.741
             89        273.087        276.277
             90        273.087        274.882
             91        273.087        274.506
             92        273.033        273.821
             93        273.033        275.157
             94        273.033        276.435
             95        273.033          280.9
             96        273.033        284.556
             97        273.033        282.711
             98        273.033        279.285
             99        273.033          276.6
            100        273.033         274.47
            101        271.103        273.383
            102        268.936         274.15
            103        268.936        275.169
            104        268.936        276.314
            105        268.936        273.158
            106        268.936        272.383
            107        268.936        271.657
            108        268.936        270.568
            109        268.936        270.347
            110        268.936        270.462
            111        268.936        270.637
            112        268.936        270.317
            113        268.936        271.173
            114        268.936        270.916
            115        268.936        270.685
            116        268.936        270.209
            117        268.936        270.357
            118        268.936        270.635
            119        268.936        270.206
            120        268.936        269.389
            121        268.371        269.875
            122        268.371        271.098
            123        268.371        272.148
            124        268.371        270.967
            125        268.371            270
            126        268.371        269.796
            127        268.371        269.214
            128        268.371        270.314
            129        268.371        269.979
            130        268.371         269.74
            131        268.371          269.6
            132        268.371        268.862
            133        268.371        268.685
            134        268.371        269.488
            135        268.371        269.726
            136        268.371        274.249
            137        268.371        278.004
            138        268.371         276.99
            139        268.371         274.81
            140        268.371        271.392
            141        268.371        271.277
            142        268.371        270.308
            143        268.371        269.975
            144        268.371         269.86
            145        268.371        269.681
            146        268.371        269.882
            147        268.371        269.929
            148        268.371        269.715
            149        268.371        270.093
            150        268.371         270.49
            151        268.371        270.769
            152        268.371        270.008
            153        268.371        270.273
            154        268.371         270.03
            155        268.371        269.992
            156        268.371        269.589
            157        268.371        269.358
            158        268.371        269.324
            159        268.371        270.065
            160        268.371        268.979
            161        268.371        269.959
            162        268.371        270.874
            163        268.371        269.751
            164        268.371        270.022
            165        268.371        269.725
            166        268.371        270.046
            167        268.371        269.542
            168        268.371        269.617
            169        268.371        268.988
            170        268.371        268.884
            171        268.371        269.189
            172        268.371        268.943
            173        268.371        269.125
            174        268.371        269.486
            175        268.371        269.704
            176        268.371        269.932
            177        268.371        269.658
            178        268.371        269.875
            179        268.371        270.395
            180        268.371        270.076
            181        268.371        269.702
            182        268.371        269.452
            183        268.371        269.698
            184        268.371        269.802
            185        268.371        268.985
            186        268.371        269.619
            187        268.371         269.41
            188        268.371        269.522
            189        268.371         270.06
            190        268.371        270.003
            191        268.371        269.542
            192        268.371        270.009
            193        268.371        269.779
            194        268.371        270.215
            195        268.371        269.967
            196        268.371        269.597
            197        268.371        269.531
            198        268.371        269.157
            199        268.371        269.101
            200        268.371        269.497
            201        268.371        269.413
            202        268.371         269.35
            203        268.371        269.854
            204        268.371        269.083
            205        268.371        269.231
            206        268.371        269.636
            207        268.371        269.699
            208        268.371        269.824
            209        268.371        269.444
            210        268.371         268.91
            211        268.371        269.407
            212        268.371        269.157
            213        268.371        268.627
            214        268.371        268.877
            215        268.371        268.851
            216        268.371        269.593
            217        268.371         269.37
            218        268.371        270.023
            219        268.371        269.519
            220        268.371        269.547
            221        268.371        268.918
            222        268.371         269.09
            223        268.371        269.847
            224        268.371        270.512
            225        268.371        270.272
            226        268.371        269.917
            227        268.371        269.255
            228        268.371        269.012
            229        268.371        269.513
            230        268.371        269.567
            231        268.371         269.82
            232        268.371        269.203
            233        268.371        269.392
            234        268.371        269.336
            235        268.371         269.31
            236        268.371        269.112
            237        268.371        269.196
            238        268.371        269.796
            239        268.371        269.178
            240        268.371        269.803
            241        268.371         268.69
            242        268.371        269.122
            243        268.371        269.648
            244        268.371        269.107
            245        268.371        269.047
            246        268.371        269.535
            247        268.371         269.27
            248        268.371        269.128
            249        268.371        269.361
            250        268.371        269.124
            251        268.371        269.259
            252        268.371        268.992
            253        268.371        268.966
            254        268.371        268.853
            255        268.371        268.651
            256        268.371        269.269
            257        268.371        269.393
            258        268.371        269.109
            259        268.371        269.533
            260        268.371        269.585
            261        268.371        269.505
            262        268.371        269.073
            263        268.371         269.16
            264        268.371        269.082
            265        268.371        269.734
            266        268.371        269.507
            267        268.371        269.087
            268        268.371        269.383
            269        268.371        269.467
            270        268.371        269.872
            271        268.371        269.723
            272        268.371        269.433
            273        268.371        269.331
            274        268.371        269.346
            275        268.371        269.391
            276        268.371        269.762
            277        268.371        269.627
            278        268.371        268.965
            279        268.371        269.162
            280        268.371        269.073
            281        268.371        269.012
            282        268.371        269.116
            283        268.371        268.776
            284        268.371        268.924
            285        268.371        269.273
            286        268.371        269.597
            287        268.371        269.762
            288        268.371         269.51
            289        268.371        269.328
            290        268.371        269.453
            291        268.371        269.276
            292        268.371        269.748
            293        268.371        269.329
            294        268.371        269.554
            295        268.371        269.679
            296        268.371        269.117
            297        268.371        268.789
            298        268.371        268.714
            299        268.371        269.603
            300        268.371        269.537
            301        268.371        269.911
            302        268.371        269.208
            303        268.371        269.578
            304        268.371        269.366
            305        268.371        269.313
            306        268.371         269.15
            307        268.371        269.717
            308        268.371        269.216
            309        268.371        269.561
            310        268.371         268.67
            311        268.371        269.102
            312        268.371        269.602
            313        268.371        269.977
            314        268.371        269.435
            315        268.371        269.199
            316        268.371         269.76
            317        268.371        270.258
            318        268.371        270.028
            319        268.371        269.998
            320        268.371        269.625
            321        268.371        269.275
            322        268.371        270.206
            323        268.371        269.647
            324        268.371        269.554
            325        268.371        269.368
            326        268.371        268.898
            327        268.371        269.298
            328        268.371        269.561
            329        268.371        269.503
            330        268.371        269.789
            331        268.371        269.702
            332        268.371         269.56
            333        268.371        269.659
            334        268.371        269.545
            335        268.371        269.635
            336        268.371        269.614
            337        268.371        269.817
            338        268.371        269.621
            339        268.371        269.667
            340        268.371        269.594
            341        268.371        269.925
            342        268.371        269.592
            343        268.371         269.48
            344        268.371        269.521
            345        268.371        269.083
            346        268.371        269.412
            347        268.371        269.326
            348        268.371        269.076
            349        268.371        269.422
            350        268.371        269.473
            351        268.371        269.396
            352        268.371        269.806
            353        268.371        269.195
            354        268.371        269.814
            355        268.371        269.821
            356        268.371        269.206
            357        268.371        269.313
            358        268.371        269.454
            359        268.371        269.383
            360        268.371        269.101
            361        268.371        269.095
            362        268.371        269.088
            363        268.371        269.197
            364        268.371        269.369
            365        268.371        269.974
            366        268.371        269.999
            367        268.371        269.851
            368        268.371        269.581
            369        268.371        269.052
            370        268.371        269.093
            371        268.371        270.322
            372        268.371        270.001
            373        268.371        269.707
            374        268.371        269.829
            375        268.371        269.549
            376        268.371        269.767
            377        268.371         269.27
            378        268.371        269.855
            379        268.371        269.541
            380        268.371        269.642
            381        268.371        269.547
            382        268.371        269.863
            383        268.371        269.857
            384        268.371        270.095
            385        268.371        269.686
            386        268.371        269.359
            387        268.371         269.17
            388        268.371        269.544
            389        268.371        269.774
            390        268.371         269.53
            391        268.371        270.164
            392        268.371        269.383
            393        268.371        268.638
            394        268.371        268.844
            395        268.371        268.983
            396        268.371         268.96
            397        268.371        268.887
            398        268.371        269.689
            399        268.371        269.804
            400        268.371        269.654
            401        268.371         269.78
            402        268.371        269.648
            403        268.371        269.597
            404        268.371        269.089
            405        268.371        269.542
            406        268.371        269.485
            407        268.371        269.334
            408        268.371        269.512
            409        268.371        268.828
            410        268.371        269.245
            411        268.371        269.429
            412        268.371        269.142
            413        268.371        268.897
            414        268.371        269.619
            415        268.371         269.83
            416        268.371        269.558
            417        268.371        269.517
            418        268.371        270.423
            419        268.371        270.002
            420        268.371        270.405
            421        268.371        270.121
            422        268.371        268.951
            423        268.371        269.384
            424        268.371        269.587
            425        268.371        269.762
            426        268.371         269.58
            427        268.371        270.335
            428        268.371        270.365
            429        268.371        269.778
            430        268.371        269.647
            431        268.371        269.203
            432        268.371         269.28
            433        268.371        269.138
            434        268.371        269.239
            435        268.371        268.698
            436        268.371        269.578
            437        268.371        269.573
            438        268.371         269.61
            439        268.371        269.475
            440        268.371        269.337
            441        268.371        269.169
            442        268.371        269.559
            443        268.371        269.503
            444        268.371         269.58
            445        268.371        269.729
            446        268.371        269.304
            447        268.371         269.26
            448        268.371        270.181
            449        268.371        269.799
            450        268.371        269.472
            451        268.371        269.468
            452        268.371        269.495
            453        268.371        270.313
            454        268.371        269.508
            455        268.371        269.257
            456        268.371        269.698
            457        268.371        270.133
            458        268.371        270.112
            459        268.371        269.978
            460        268.371        269.787
            461        268.371        269.956
            462        268.371        269.614
            463        268.371         269.81
            464        268.371        269.479
            465        268.371        269.376
            466        268.371        269.303
            467        268.371        269.406
            468        268.371        269.788
            469        268.371        269.363
            470        268.371        269.516
            471        268.371        268.811
            472        268.371        269.062
            473        268.371         269.23
            474        268.371        269.582
            475        268.371        270.004
            476        268.371        270.558
            477        268.371        269.349
            478        268.371        269.387
            479        268.371        269.796
            480        268.371        269.634
            481        268.371        269.326
            482        268.371        270.074
            483        268.371        269.589
            484        268.371        270.231
            485        268.371        269.749
            486        268.371        269.931
            487        268.371        270.066
            488        268.371        269.856
            489        268.371        270.113
            490        268.371        270.369
            491        268.371        269.848
            492        268.371        270.277
            493        268.371        270.098
            494        268.371        269.533
            495        268.371        269.479
            496        268.371        269.339
            497        268.371         269.45
            498        268.371        269.605
            499        268.371        269.626