              0        872.617        1047.69
              1        805.301        958.726
              2        737.591        887.118
              3        672.544        828.085
              4        633.423        753.426
              5        618.665        688.719
              6        591.014         650.86
              7        572.163        630.363
              8        552.404        608.761
              9        543.614        583.056
             10        531.386        563.381
             11        511.697         550.19
             12        493.326        536.032
             13        478.262        517.205
             14        469.602        499.852
             15        457.685        485.288
             16        449.081        476.164
             17        437.834        464.743
             18        427.551        454.271
             19        420.867        444.306
             20        412.401        436.265
             21        383.129         424.45
             22        372.162        407.751
             23        371.511        394.109
             24        365.936        384.281
             25        360.953        377.562
             26        351.427        370.159
             27        349.551        363.883
             28         343.03        358.184
             29         337.86        352.583
             30        331.957        346.482
             31          328.8        341.564
             32        322.763        336.449
             33        320.564        332.818
             34        315.798        328.584
             35        315.798        323.154
             36        315.798        319.699
             37        313.251         317.74
             38        313.251        320.295
             39        312.318        322.289
             40        309.622        321.244
             41        290.993        314.823
             42        289.045        305.534
             43        285.248        298.572
             44        284.058        293.271
             45         283.99        290.909
             46        283.338        287.536
             47        282.687        286.124
             48         282.62        287.172
             49         282.62        288.411
             50         282.62         288.93
             51        282.426        287.603
             52        282.426        291.915
             53        279.841        291.447
             54        277.811        291.143
             55        277.811        290.301
             56        276.205        289.179
             57        276.205         285.65
             58        276.205        280.712
             59        276.205         278.69
             60        276.205        278.428
             61        276.205        281.641
             62        276.205        283.488
             63        276.205        283.387
             64        276.205        280.297
             65        275.399        278.692
             66        275.399        280.542
             67        275.399        280.925
             68        273.465        280.016
             69        272.489        278.426
             70        272.421        277.501
             71        272.421        276.939
             72        272.421        275.786
             73        272.421        274.939
             74        272.421        273.805
             75        272.421        273.639
             76        272.421        273.668
             77        272.421        274.404
             78        272.421        274.074
             79        272.377        272.979
             80        272.377        273.873
             81        270.538        277.546
             82        270.538        277.673
             83        270.538         277.21
             84        270.538        275.011
             85        270.538        272.579
             86        270.538         271.79
             87        270.538        272.122
             88        270.538        271.828
             89        270.538        272.379
             90        270.538        272.484
             91        270.538        272.121
             92        270.538        271.982
             93        270.538        271.384
             94        270.538        271.451
             95        270.538        271.334
             96        270.538         271.13
             97        270.538        271.486
             98        270.538        271.622
             99        270.538        271.532
            100        270.538        271.963
            101        268.371        271.543
            102        268.371        271.765
            103        268.371        271.844
            104        268.371        270.487
            105        268.371        269.924
            106        268.371        269.112
            107        268.371        269.044
            108        268.371        269.841
            109        268.371        269.082
            110        268.371         269.67
            111        268.371         269.55
            112        268.371        269.688
            113        268.371        270.277
            114        268.371        269.606
            115        268.371        269.128
            116        268.371        269.293
            117        268.371        269.633
            118        268.371        269.583
            119        268.371        269.524
            120        268.371        268.923
            121        268.371        269.125
            122        268.371        270.872
            123        268.371        271.142
            124        268.371        271.284
            125        268.371        270.615
            126        268.371         270.12
            127        268.371        269.476
            128        268.371        269.236
            129        268.371         269.66
            130        268.371        269.334
            131        268.371        269.236
            132        268.371        269.524
            133        268.371        269.141
            134        268.371        269.097
            135        268.371        269.161
            136        268.371        269.694
            137        268.371        269.191
            138        268.371        270.023
            139        268.371        270.019
            140        268.371        269.478
            141        268.371        269.643
            142        268.371        269.462
            143        268.371        270.321
            144        268.371        270.003
            145        268.371        269.284
            146        268.371        269.684
            147        268.371        269.193
            148        268.371        269.424
            149        268.371        269.752
            150        268.371        269.415
            151        268.371        269.277
            152        268.371        269.955
            153        268.371        270.268
            154        268.371        270.082
            155        268.371        269.445
            156        268.371        269.797
            157        268.371        269.586
            158        268.371        269.454
            159        268.371        269.213
            160        268.371        268.963
            161        268.371        269.212
            162        268.371        269.423
            163        268.371         269.61
            164        268.371        270.037
            165        268.371        270.138
            166        268.371        270.129
            167        268.371         269.57
            168        268.371        269.539
            169        268.371        269.864
            170        268.371        269.327
            171        268.371         269.43
            172        268.371        269.434
            173        268.371        270.185
            174        268.371        270.724
            175        268.371        269.365
            176        268.371        268.952
            177        268.371        268.945
            178        268.371        269.953
            179        268.371        269.711
            180        268.371        269.753
            181        268.371        269.689
            182        268.371        269.762
            183        268.371        269.197
            184        268.371         270.23
            185        268.371        269.943
            186        268.371         269.88
            187        268.371        269.548
            188        268.371        269.359
            189        268.371        269.216
            190        268.371        269.474
            191        268.371        269.663
            192        268.371        269.256
            193        268.371        269.415
            194        268.371         269.28
            195        268.371        268.628
            196        268.371        268.864
            197        268.371        268.855
            198        268.371        269.219
            199        268.371        269.295
            200        268.371        269.247
            201        268.371        268.838
            202        268.371        268.821
            203        268.371        269.666
            204        268.371        269.058
            205        268.371        269.195
            206        268.371        269.853
            207        268.371        270.055
            208        268.371        269.538
            209        268.371        270.194
            210        268.371         269.66
            211        268.371        269.425
            212        268.371        269.669
            213        268.371        269.955
            214        268.371        269.318
            215        268.371        269.344
            216        268.371          269.5
            217        268.371        268.857
            218        268.371        269.254
            219        268.371        269.027
            220        268.371        269.826
            221        268.371        269.117
            222        268.371        269.789
            223        268.371        270.022
            224        268.371         269.57
            225        268.371        270.008
            226        268.371        270.065
            227        268.371        269.969
            228        268.371        270.016
            229        268.371        269.678
            230        268.371        269.646
            231        268.371         270.08
            232        268.371        269.849
            233        268.371        269.384
            234        268.371        269.684
            235        268.371        269.982
            236        268.371         269.94
            237        268.371        269.775
            238        268.371        268.953
            239        268.371        268.914
            240        268.371        269.336
            241        268.371        268.884
            242        268.371        269.001
            243        268.371        269.099
            244        268.371        269.095
            245        268.371        269.543
            246        268.371        269.809
            247        268.371         269.65
            248        268.371        269.715
            249        268.371        269.694
            250        268.371        269.378
            251        268.371        269.508
            252        268.371        269.758
            253        268.371        269.992
            254        268.371        269.345
            255        268.371        269.654
            256        268.371        270.283
            257        268.371        270.215
            258        268.371        269.173
            259        268.371        269.208
            260        268.371        269.154
            261        268.371         269.73
            262        268.371        269.306
            263        268.371        269.244
            264        268.371        268.949
            265        268.371        268.903
            266        268.371        269.483
            267        268.371        268.797
            268        268.371        268.801
            269        268.371        269.313
            270        268.371        269.006
            271        268.371        269.649
            272        268.371        269.717
            273        268.371        268.987
            274        268.371        269.485
            275        268.371        269.485
            276        268.371        269.109
            277        268.371         268.84
            278        268.371        269.053
            279        268.371        268.827
            280        268.371        269.605
            281        268.371        270.179
            282        268.371         270.39
            283        268.371        269.869
            284        268.371        270.048
            285        268.371        270.121
            286        268.371        269.776
            287        268.371        268.986
            288        268.371        269.032
            289        268.371        269.236
            290        268.371        269.162
            291        268.371        269.199
            292        268.371        268.966
            293        268.371        270.302
            294        268.371        269.802
            295        268.371        269.495
            296        268.371        268.964
            297        268.371        268.767
            298        268.371        269.471
            299        268.371        269.791
            300        268.371        269.861
            301        268.371        269.898
            302        268.371        269.911
            303        268.371         269.11
            304        268.371         269.46
            305        268.371        269.711
            306        268.371        269.456
            307        268.371        269.078
            308        268.371        268.985
            309        268.371         269.27
            310        268.371        269.747
            311        268.371        269.325
            312        268.371        269.083
            313        268.371        269.238
            314        268.371        269.353
            315        268.371        269.547
            316        268.371         269.32
            317        268.371        269.599
            318        268.371        270.111
            319        268.371        269.833
            320        268.371        269.004
            321        268.371        269.961
            322        268.371        269.264
            323        268.371        270.241
            324        268.371        269.486
            325        268.371        269.931
            326        268.371         270.45
            327        268.371        270.166
            328        268.371        269.884
            329        268.371        269.838
            330        268.371        269.716
            331        268.371        269.031
            332        268.371        268.919
            333        268.371         268.71
            334        268.371        268.873
            335        268.371        269.299
            336        268.371        268.993
            337        268.371        269.211
            338        268.371        269.591
            339        268.371        269.323
            340        268.371        269.387
            341        268.371        269.411
            342        268.371        269.172
            343        268.371        269.186
            344        268.371        269.242
            345        268.371        269.359
            346        268.371        269.189
            347        268.371        269.182
            348        268.371        269.612
            349        268.371        269.568
            350        268.371        269.473
            351        268.371        270.346
            352        268.371        270.066
            353        268.371        269.545
            354        268.371        269.237
            355        268.371        269.239
            356        268.371        269.095
            357        268.371        269.389
            358        268.371        269.489
            359        268.371        269.739
            360        268.371        269.776
            361        268.371        269.017
            362        268.371        268.991
            363        268.371        269.397
            364        268.371        269.603
            365        268.371        269.569
            366        268.371        269.744
            367        268.371        268.851
            368        268.371        269.103
            369        268.371          269.3
            370        268.371        269.348
            371        268.371        269.447
            372        268.371        269.214
            373        268.371        269.506
            374        268.371        269.811
            375        268.371        269.963
            376        268.371        270.394
            377        268.371        270.209
            378        268.371        269.652
            379        268.371         269.28
            380        268.371        269.683
            381        268.371        270.435
            382        268.371        269.599
            383        268.371        269.657
            384        268.371        270.253
            385        268.371        269.613
            386        268.371         269.48
            387        268.371        269.295
            388        268.371        270.076
            389        268.371        269.092
            390        268.371        269.427
            391        268.371         269.36
            392        268.371        269.197
            393        268.371        268.704
            394        268.371        269.627
            395        268.371        269.546
            396        268.371        269.673
            397        268.371        269.217
            398        268.371         268.99
            399        268.371        269.212
            400        268.371         269.68
            401        268.371        269.625
            402        268.371        269.821
            403        268.371         269.21
            404        268.371        269.824
            405        268.371        269.884
            406        268.371        269.525
            407        268.371        269.598
            408        268.371        269.688
            409        268.371        270.211
            410        268.371        269.432
            411        268.371        269.561
            412        268.371        269.179
            413        268.371         269.61
            414        268.371        269.196
            415        268.371        269.887
            416        268.371        269.887
            417        268.371        269.124
            418        268.371        269.208
            419        268.371        269.026
            420        268.371        268.815
            421        268.371        268.857
            422        268.371        269.731
            423        268.371        269.749
            424        268.371        269.401
            425        268.371         269.54
            426        268.371        269.189
            427        268.371        269.654
            428        268.371        269.313
            429        268.371        269.052
            430        268.371        269.536
            431        268.371        269.305
            432        268.371        269.228
            433        268.371        270.281
            434        268.371         269.69
            435        268.371        269.231
            436        268.371        269.272
            437        268.371        269.598
            438        268.371        269.331
            439        268.371        269.612
            440        268.371        269.756
            441        268.371        269.457
            442        268.371        269.378
            443        268.371        270.682
            444        268.371        269.636
            445        268.371        269.213
            446        268.371        270.181
            447        268.371        269.651
            448        268.371        269.337
            449        268.371        269.135
            450        268.371        269.178
            451        268.371        269.207
            452        268.371          269.1
            453        268.371        268.798
            454        268.371        268.698
            455        268.371        268.971
            456        268.371        269.108
            457        268.371        269.115
            458        268.371        269.025
            459        268.371        269.322
            460        268.371        268.972
            461        268.371        269.056
            462        268.371        268.957
            463        268.371         269.13
            464        268.371        269.655
            465        268.371        269.586
            466        268.371        269.293
            467        268.371        269.464
            468        268.371        269.563
            469        268.371        269.682
            470        268.371        269.511
            471        268.371        269.451
            472        268.371        269.556
            473        268.371        269.416
            474        268.371        269.513
            475        268.371         269.13
            476        268.371        269.483
            477        268.371        269.673
            478        268.371        269.825
            479        268.371        269.718
            480        268.371        269.224
            481        268.371        269.192
            482        268.371        269.194
            483        268.371        269.642
            484        268.371        270.323
            485        268.371        269.343
            486        268.371        270.041
            487        268.371        269.248
            488        268.371        269.337
            489        268.371        269.566
            490        268.371         270.22
            491        268.371        269.233
            492        268.371        269.791
            493        268.371        269.591
            494        268.371        269.961
            495        268.371        269.782
            496        268.371        269.115
            497        268.371        269.473
            498        268.371        270.235
            499        268.371        269.621