              0         854.68        1045.55
              1        793.552        956.451
              2        742.022        871.683
              3        719.733        807.931
              4        668.445         761.44
              5        629.361         724.09
              6        606.324        688.425
              7         587.68        652.096
              8        568.723        621.375
              9        541.078        597.684
             10        511.571         575.97
             11        485.945        547.046
             12        470.631        516.993
             13        463.019        494.622
             14        442.509        478.118
             15        437.833        464.114
             16        430.193        451.541
             17        424.098        442.568
             18        412.301        436.727
             19        405.582        428.665
             20        400.244        418.889
             21         396.38         411.46
             22        391.042        407.343
             23        386.347          401.6
             24        381.698        395.753
             25        373.716        391.232
             26        370.524        384.933
             27        368.796         378.94
             28        363.199        374.519
             29        356.609         371.63
             30          352.4        367.773
             31        346.535        362.157
             32        331.069        356.336
             33        327.624        350.145
             34        324.973        342.377
             35        319.701        337.598
             36        316.796        331.412
             37        313.451        326.518
             38        311.948        322.074
             39        305.305        318.529
             40        304.138        314.858
             41        302.615        309.737
             42        300.827         306.61
             43        300.336        305.199
             44        298.387        302.765
             45        297.667        301.235
             46        297.361        300.268
             47        296.849         299.12
             48        295.963        298.836
             49        295.669        298.044
             50         292.06        298.417
             51        289.876        298.848
             52        285.637        296.812
             53         284.92        294.076
             54         284.92        294.038
             55         284.92        292.705
             56        283.377        291.692
             57         281.44        291.212
             58        279.897        288.912
             59         279.18        287.936
             60         279.18        285.973
             61         279.18        285.002
             62         278.78        282.765
             63        278.345        280.785
             64        278.345        280.407
             65        278.345        280.299
             66        277.131        279.763
             67        276.315        279.487
             68        276.315         278.58
             69        276.315        277.874
             70        276.315        277.701
             71        276.315        277.648
             72        275.942        278.155
             73        274.915        278.146
             74         274.35        278.129
             75         274.35        277.415
             76         274.35        276.212
             77         274.35        276.272
             78         274.35        276.089
             79         274.35        276.878
             80         274.35        276.017
             81         274.35        275.286
             82        274.305        275.619
             83        274.305        275.637
             84        274.305        275.379
             85        274.305        276.037
             86        274.305        276.044
             87        274.305        276.396
             88        274.305        276.277
             89        274.305        276.906
             90        274.305         276.31
             91        274.305        275.691
             92        274.305        275.586
             93        274.305        275.485
             94        274.305        275.175
             95        274.305        274.956
             96        274.305        275.533
             97        274.305        275.245
             98        274.305        275.516
             99        274.305        275.174
            100        274.305        275.471
            101        274.305        275.929
            102        274.305        276.499
            103        274.305        275.615
            104        274.305        275.427
            105        274.305        274.752
            106        274.305        275.055
            107        274.305        275.292
            108        274.305        275.542
            109        274.305        275.765
            110        274.305        275.784
            111        274.305        275.365
            112        274.305        275.265
            113        274.305        275.275
            114        274.305        275.065
            115        274.305        275.706
            116        274.305        275.068
            117        274.305        275.124
            118        274.305        275.551
            119        274.305        275.234
            120        274.305        276.477
            121        274.305        275.488
            122        274.305        275.653
            123        274.305        275.446
            124        274.305        275.085
            125        274.305        274.907
            126        274.224        274.778
            127        274.224        277.665
            128        274.224        278.603
            129        274.224        277.652
            130        274.224        277.747
            131        274.224        276.383
            132        274.224        274.918
            133        274.224        275.714
            134        274.224        275.522
            135        274.224        275.393
            136        274.224        275.099
            137        274.224        275.388
            138        274.224        275.376
            139        274.224        275.822
            140        274.224        275.146
            141        274.224        275.312
            142        274.224        275.276
            143        274.224        275.693
            144        274.224         275.73
            145        274.224        275.579
            146        274.224        274.974
            147        274.224        274.855
            148        274.224        275.021
            149        274.224        275.325
            150        274.224        275.769
            151        274.224         275.62
            152        274.224        275.731
            153        274.224        275.512
            154        274.224        276.021
            155        274.224        275.781
            156        274.224        275.434
            157        274.224        275.312
            158        274.224        274.519
            159        274.224        275.005
            160        274.224         275.71
            161        274.224        275.966
            162        274.224        275.936
            163         273.54        275.452
            164         273.54        276.166
            165         273.54        276.054
            166         273.54        275.745
            167         273.54        275.373
            168         273.54        275.308
            169         273.54        274.578
            170         273.54        274.448
            171         273.54        275.062
            172         273.54        274.925
            173         273.54        274.715
            174         273.54        274.837
            175         273.54        275.155
            176         273.54        275.387
            177         273.54        275.494
            178         273.54        274.691
            179         273.54        275.732
            180         273.54        275.583
            181         273.54        274.684
            182         273.54        274.396
            183         273.54        275.257
            184         273.54        274.763
            185         273.54         274.47
            186         273.54        275.185
            187         273.54        275.034
            188         273.54         274.88
            189         273.54        274.685
            190         273.54        275.436
            191         273.54        275.233
            192         273.54        275.293
            193         273.54        274.645
            194         273.54        274.837
            195         273.54        274.712
            196         273.54         274.21
            197         273.54        274.498
            198         273.54        274.508
            199         273.54        274.552
            200         273.54        275.407
            201         273.54        274.583
            202         273.54        274.733
            203         273.54         275.91
            204         273.54        275.129
            205         273.54        274.828
            206         273.54        274.623
            207         273.54        275.566
            208         273.54        275.055
            209         273.54        275.122
            210         273.54        274.281
            211         273.54        275.186
            212         273.54        274.967
            213         273.54        275.352
            214         273.54        274.973
            215         273.54        274.556
            216         273.54        274.475
            217         273.54        274.058
            218         273.54        274.969
            219         273.54        275.592
            220         273.54        275.311
            221         273.54         275.28
            222         273.54        275.172
            223         273.54        274.992
            224         273.54        274.757
            225         273.54        275.422
            226         273.54         275.54
            227         273.54        275.819
            228         273.54        275.197
            229         273.54        274.743
            230         273.54        274.446
            231         273.54        274.251
            232         273.54        274.582
            233         273.54        274.063
            234         273.54         274.63
            235         273.54        274.782
            236         273.54        274.739
            237         273.54        275.509
            238         273.54        274.546
            239         273.54        274.596
            240         273.54        274.474
            241         273.54        274.834
            242         273.54        274.423
            243         273.54        274.566
            244         273.54        274.651
            245         273.54        275.188
            246         273.54        275.208
            247         273.54        275.182
            248         273.54        274.701
            249         273.54        274.693
            250         273.54        274.509
            251         273.54        274.847
            252         273.54         274.15
            253         273.54        274.121
            254         273.54        274.058
            255         273.54        273.823
            256         273.54        273.908
            257         273.54        273.968
            258         273.54        274.389
            259         273.54        274.817
            260         273.54         274.19
            261         273.54        274.242
            262         273.54         274.19
            263         273.54         274.17
            264         273.54        275.183
            265         273.54         274.57
            266         273.54        275.299
            267         273.54        274.666
            268         273.54        274.671
            269         273.54        275.066
            270         273.54        274.943
            271         273.54        275.457
            272         273.54        275.133
            273         273.54        274.669
            274         273.54          274.6
            275         273.54        274.767
            276         273.54        274.399
            277         273.54        274.037
            278         273.54        273.875
            279         273.54        274.449
            280         273.54        274.884
            281         273.54        274.457
            282         273.54         274.93
            283         273.54        274.836
            284         273.54        274.736
            285         273.54        274.665
            286         273.54        275.125
            287         273.54        274.663
            288         273.54        274.794
            289         273.54        275.104
            290         273.54         274.79
            291         273.54        274.596
            292         273.54        275.084
            293         273.54        276.228
            294         273.54        275.034
            295         273.54        274.661
            296         273.54         274.62
            297         273.54        274.197
            298         273.54        275.123
            299         273.54        274.544
            300         273.54        274.963
            301         273.54        275.461
            302         273.54        275.681
            303         273.54        275.412
            304         273.54        274.846
            305         273.54        274.482
            306         273.54        274.241
            307         273.54        274.584
            308         273.54        274.427
            309         273.54        274.905
            310         273.54        275.398
            311         273.54        274.753
            312         273.54        274.511
            313         273.54        274.828
            314         273.54        274.377
            315         273.54         274.44
            316         273.54        274.463
            317         273.54        275.803
            318         273.54        274.855
            319         273.54        273.925
            320         273.54        274.174
            321         273.54        274.831
            322         273.54         275.41
            323         273.54        275.724
            324         273.54        275.806
            325         273.54        275.615
            326         273.54        275.148
            327         273.54        275.161
            328         273.54        274.444
            329         273.54        275.205
            330         273.54        274.805
            331         273.54        274.658
            332         273.54        274.546
            333         273.54        274.731
            334         273.54        274.468
            335         273.54        274.226
            336         273.54        274.482
            337         273.54         273.89
            338         273.54        273.758
            339         273.54        274.068
            340         273.54        274.373
            341         273.54        274.398
            342         273.54        274.751
            343         273.54        274.924
            344         273.54        274.637
            345         273.54        274.883
            346         273.54        274.141
            347         273.54        274.499
            348         273.54        274.837
            349         273.54        275.034
            350         273.54        275.065
            351         273.54        274.648
            352         273.54        274.891
            353         273.54        275.197
            354         273.54        275.093
            355         273.54        274.307
            356         273.54        274.543
            357         273.54         274.68
            358         273.54        274.731
            359         273.54        274.521
            360         273.54        274.621
            361         273.54        275.204
            362         273.54        274.766
            363         273.54        274.938
            364         273.54        275.269
            365         273.54         276.34
            366         273.54        275.934
            367         273.54        274.799
            368         273.54        274.715
            369         273.54        275.121
            370         273.54        274.383
            371         273.54         274.12
            372         273.54          274.3
            373         273.54        274.765
            374         273.54        274.838
            375         273.54        274.766
            376         273.54        274.785
            377         273.54        274.699
            378         273.54        274.528
            379         273.54         274.35
            380         273.54        274.349
            381         273.54        274.501
            382         273.54        274.185
            383         273.54        274.868
            384         273.54        274.557
            385         273.54        274.242
            386         273.54        274.939
            387         273.54        274.734
            388         273.54         275.11
            389         273.54        275.047
            390         273.54        275.134
            391         273.54        274.547
            392         273.54        274.424
            393         273.54        274.957
            394         273.54        274.759
            395         273.54        275.265
            396         273.54        275.043
            397         273.54        274.161
            398         273.54          274.4
            399         273.54        274.553
            400         273.54        274.513
            401         273.54        274.957
            402         273.54        274.711
            403         273.54        275.464
            404         273.54        275.804
            405         273.54        274.709
            406         273.54        274.528
            407         273.54        274.127
            408         273.54        274.583
            409         273.54        274.171
            410         273.54        274.844
            411         273.54        274.023
            412         273.54         273.93
            413         273.54        274.295
            414         273.54        275.168
            415         273.54        275.231
            416         273.54        275.127
            417         273.54        275.348
            418         273.54         275.33
            419         273.54        274.675
            420         273.54        274.781
            421         273.54        275.137
            422         273.54         274.67
            423         273.54        274.949
            424         273.54        275.184
            425         273.54        274.429
            426         273.54        274.372
            427         273.54        274.346
            428         273.54        274.607
            429         273.54        274.939
            430         273.54        274.251
            431         273.54        274.804
            432         273.54        274.288
            433         273.54        274.501
            434         273.54        275.198
            435         273.54        274.075
            436         273.54        274.005
            437         273.54        274.148
            438         273.54        274.727
            439         273.54        275.248
            440         273.54        275.364
            441         273.54        275.946
            442         273.54        275.344
            443         273.54        274.998
            444         273.54        274.503
            445         273.54        275.253
            446         273.54        274.877
            447         273.54        275.732
            448         273.54        274.523
            449         273.54        274.165
            450         273.54        274.185
            451         273.54        274.449
            452         273.54        274.896
            453         273.54        274.281
            454         273.54        274.281
            455         273.54        274.027
            456         273.54        274.209
            457         273.54        274.281
            458         273.54        274.527
            459         273.54         274.79
            460         273.54        275.294
            461         273.54        274.841
            462         273.54        275.004
            463         273.54        274.758
            464         273.54        274.019
            465         273.54         274.17
            466         273.54        274.778
            467         273.54          274.8
            468         273.54        275.055
            469         273.54        274.511
            470         273.54        274.656
            471         273.54        274.581
            472         273.54        275.179
            473         273.54        274.847
            474         273.54        275.054
            475         273.54        274.131
            476         273.54        273.975
            477         273.54        273.816
            478         273.54        274.528
            479         273.54        274.175
            480         273.54        273.948
            481         273.54        274.134
            482         273.54        274.055
            483         273.54         274.65
            484         273.54        275.045
            485         273.54        275.153
            486         273.54        274.182
            487         273.54        274.604
            488         273.54         274.82
            489         273.54        274.834
            490         273.54        274.853
            491         273.54        274.713
            492         273.54        275.028
            493         273.54         274.93
            494         273.54        274.887
            495         273.54        274.849
            496         273.54        274.861
            497         273.54        275.159
            498         273.54        274.847
            499         273.54        274.913