              0        844.898        1045.66
              1        717.703        936.712
              2        669.264        809.866
              3        623.544        721.786
              4        584.312        671.724
              5         575.22        628.765
              6        560.789        598.464
              7        534.257        580.725
              8        516.894        562.063
              9        498.113        546.752
             10        486.997        531.286
             11        475.647        514.068
             12        468.754        497.695
             13         457.53        487.001
             14        455.814        477.666
             15        443.716        466.883
             16        433.645        458.345
             17        413.733        449.053
             18        412.902        438.703
             19        407.137        426.535
             20        398.943        418.513
             21        387.366        411.436
             22        383.341        403.201
             23        374.044        395.542
             24        370.835        388.667
             25        365.573        380.856
             26        361.447        375.223
             27        351.169        371.059
             28        349.059        364.701
             29        347.689        359.213
             30        338.176        353.353
             31        336.067        349.246
             32            336        342.923
             33        333.746        339.928
             34        330.649        339.763
             35        327.468        338.187
             36        325.748        336.122
             37        315.874        333.657
             38        314.154        328.048
             39        314.154        321.355
             40        308.678        317.841
             41        307.897         317.69
             42        306.694         316.06
             43        305.913        314.404
             44        305.913        310.327
             45        304.427        309.708
             46        300.419        307.176
             47        297.922        306.243
             48        297.545        302.416
             49         296.68        301.116
             50        295.635        299.404
             51        294.943        298.015
             52        293.161        297.564
             53         292.47        298.426
             54        292.152        298.726
             55        292.152        298.379
             56        290.518        298.371
             57         288.59        296.427
             58        287.771        294.325
             59        286.355        292.506
             60        286.355        291.452
             61        286.355        289.689
             62        286.355        287.972
             63        286.355        287.227
             64        286.355        287.066
             65        286.355        287.062
             66        286.355         287.23
             67        286.355        287.105
             68        286.355        288.195
             69        286.194        287.523
             70        286.194        290.005
             71        286.194        291.902
             72        286.194        290.687
             73        286.194        289.609
             74        286.194        288.403
             75        285.062        288.018
             76        285.062        287.546
             77        285.062         286.69
             78        285.062        286.297
             79        285.062        285.983
             80        285.062        286.592
             81        282.512        286.529
             82        282.512         286.13
             83        282.512        285.262
             84        282.512        283.975
             85        282.512        283.103
             86        282.512        282.782
             87        282.512        283.574
             88        282.512        283.512
             89        282.512        283.282
             90        282.489        283.829
             91        282.489        283.547
             92        280.452        283.891
             93        279.658        286.319
             94        279.658        287.467
             95         278.96        284.642
             96        278.266        284.236
             97        278.101         283.81
             98        278.101        280.965
             99        278.101        280.023
            100        278.101        279.457
            101        277.802         278.98
            102        272.638         279.09
            103        272.638        277.567
            104        272.638        276.265
            105        272.638        275.369
            106        272.638        274.421
            107        272.638        273.902
            108        272.638        273.864
            109        272.638        273.806
            110        272.638        274.304
            111        272.638        274.676
            112        272.638        274.115
            113        272.638        274.408
            114        272.638        274.164
            115        272.638        273.636
            116        272.638        273.743
            117        272.638        273.861
            118        272.638        273.872
            119        272.638        273.653
            120        272.638        273.731
            121        272.638        273.559
            122        272.638        273.706
            123        272.638        273.505
            124        272.638        273.678
            125        272.638        273.238
            126        272.638        273.453
            127        272.638        273.599
            128        272.638        274.129
            129        272.638        274.789
            130        272.638        273.768
            131        272.638        273.145
            132        272.638        273.365
            133        272.638        273.692
            134        272.638        273.668
            135        272.638        273.715
            136        272.638        274.153
            137        272.638        274.147
            138        272.638        274.303
            139        272.638        273.919
            140        272.638        273.577
            141        272.638        273.755
            142        272.638        273.531
            143        272.638        274.267
            144        272.638        274.924
            145        272.638        275.007
            146        272.638        274.648
            147        272.638        274.535
            148        272.638         274.04
            149        272.638        273.755
            150        272.638          274.3
            151        272.638        273.927
            152        272.638        273.932
            153        272.638        274.209
            154        272.638        273.398
            155        272.638        273.722
            156        272.638        273.735
            157        272.638        274.587
            158        272.638        274.226
            159        272.638        273.919
            160        272.638        273.604
            161        272.638        273.732
            162        272.638         273.89
            163        272.638        273.979
            164        272.638        273.579
            165        272.638        273.769
            166        272.638        273.641
            167        272.638        274.017
            168        272.638        273.755
            169        272.638        273.386
            170        272.638         273.36
            171        272.638        273.529
            172        272.638        273.824
            173        272.638        274.066
            174        272.638        274.638
            175        272.638        274.402
            176        272.638        273.904
            177        272.638        273.789
            178        272.638        273.047
            179        272.638        272.814
            180        272.638        273.021
            181        272.638        273.092
            182        272.638         273.17
            183        272.638        273.314
            184        272.638        273.917
            185        272.638         274.64
            186        272.638        273.774
            187        272.638        273.705
            188        272.638        273.103
            189        272.638        273.005
            190        272.638        273.077
            191        272.638        273.612
            192        272.638        273.717
            193        272.638         273.75
            194        272.638        274.212
            195        272.638        274.196
            196        272.638        274.127
            197        272.638        273.986
            198        272.638        273.881
            199        272.638         273.78
            200        272.638        273.236
            201        272.638        273.535
            202        272.638        274.231
            203        272.638        273.831
            204        272.638        273.617
            205        272.638        274.571
            206        272.638        275.054
            207        272.638        275.394
            208        272.638        274.214
            209        272.638        274.589
            210        272.638        274.814
            211        272.638        274.242
            212        272.638        274.396
            213        272.638        273.568
            214        272.638        274.835
            215        272.638        274.524
            216        272.638        273.899
            217        272.638        274.277
            218        272.638        273.985
            219        272.638        274.063
            220        272.638        274.094
            221        272.638         273.35
            222        272.638        272.963
            223        272.638        273.374
            224        272.638         273.49
            225        272.638        273.005
            226        272.638        273.472
            227        272.638        273.944
            228        272.638        273.542
            229        272.638        272.986
            230        272.638        273.976
            231        272.638        274.183
            232        272.638        273.524
            233        272.638        274.344
            234        272.638        273.633
            235        272.638        273.671
            236        272.638          273.9
            237        272.638        274.081
            238        272.638        274.543
            239        272.638        273.877
            240        272.638        273.787
            241        272.638        273.797
            242        272.638        273.919
            243        272.638        274.958
            244        272.638        273.828
            245        272.638        273.449
            246        272.638        273.276
            247        272.638        273.471
            248        272.638        273.955
            249        272.638        273.682
            250        272.638        273.554
            251        272.638        273.367
            252        272.638        273.225
            253        272.638         273.52
            254        272.638        273.457
            255        272.638        274.448
            256        272.638        274.221
            257        272.638        274.138
            258        272.638         273.83
            259        272.638        273.624
            260        272.638        273.673
            261        272.638        273.786
            262        272.638        273.499
            263        272.638        273.493
            264        272.638        273.291
            265        272.638        273.207
            266        272.638        273.923
            267        272.638        273.873
            268        272.638        273.803
            269        272.638        273.366
            270        272.638        273.441
            271        272.638        273.682
            272        272.638        273.992
            273        272.638        274.054
            274        272.638        274.201
            275        272.638        273.944
            276        272.638        273.782
            277        272.638        273.602
            278        272.638        274.213
            279        272.638         274.33
            280        272.638        274.174
            281        272.638        273.203
            282        272.638        273.128
            283        272.638        273.127
            284        272.638        273.844
            285        272.638        274.009
            286        272.638        274.073
            287        272.638        274.284
            288        272.638        273.969
            289        272.638        273.953
            290        272.638        273.978
            291        272.638        273.977
            292        272.638        273.786
            293        272.638        273.283
            294        272.638        274.193
            295        272.638        273.238
            296        272.638        273.638
            297        272.638        273.669
            298        272.638        273.302
            299        272.638        273.345
            300        272.638        273.506
            301        272.638        273.609
            302        272.638        274.024
            303        272.638        273.923
            304        272.638        274.208
            305        272.638        273.875
            306        272.638         273.59
            307        272.638        273.748
            308        272.638         272.93
            309        272.638        273.462
            310        272.638        273.398
            311        272.638        273.325
            312        272.638        273.278
            313        272.638        274.163
            314        272.638        273.365
            315        272.638        274.159
            316        272.638         273.61
            317        272.638        274.158
            318        272.638        274.295
            319        272.638        273.979
            320        272.638        274.783
            321        272.638        273.768
            322        272.638        273.756
            323        272.638        273.755
            324        272.638        273.958
            325        272.638        274.334
            326        272.638        273.769
            327        272.638        273.499
            328        272.638        273.137
            329        272.638        272.866
            330        272.638        273.064
            331        272.638        273.301
            332        272.638        273.548
            333        272.638        274.087
            334        272.638        274.242
            335        272.638        274.386
            336        272.638        273.983
            337        272.638        273.826
            338        272.638        273.701
            339        272.638        274.022
            340        272.638        273.902
            341        272.638        273.666
            342        272.638        273.871
            343        272.638        273.316
            344        272.638         274.41
            345        272.638        274.056
            346        272.638        273.664
            347        272.638        273.132
            348        272.638        273.429
            349        272.638        273.564
            350        272.638        273.663
            351        272.638        273.558
            352        272.638        273.944
            353        272.638        274.334
            354        272.638        274.827
            355        272.638        274.078
            356        272.638        274.266
            357        272.638        274.099
            358        272.638        273.894
            359        272.638        273.837
            360        272.638        273.491
            361        272.638        273.956
            362        272.638        273.948
            363        272.638        274.224
            364        272.638        274.223
            365        272.638        273.941
            366        272.638        274.366
            367        272.638        274.088
            368        272.638        273.661
            369        272.638        274.312
            370        272.638        274.012
            371        272.638        274.012
            372        272.638        273.976
            373        272.638        274.116
            374        272.638         273.76
            375        272.638        273.961
            376        272.638        273.401
            377        272.638         274.08
            378        272.638        274.725
            379        272.638        273.913
            380        272.638        273.831
            381        272.638        273.212
            382        272.638        273.167
            383        272.638        273.544
            384        272.638        273.607
            385        272.638         273.71
            386        272.638        274.193
            387        272.638        273.897
            388        272.638        273.877
            389        272.638        273.549
            390        272.638        273.819
            391        272.638         274.44
            392        272.638        274.834
            393        272.638        274.073
            394        272.638        274.224
            395        272.638        273.761
            396        272.638        273.918
            397        272.638        274.154
            398        272.638        273.423
            399        272.638        273.436
            400        272.638        273.769
            401        272.638        273.794
            402        272.638        273.765
            403        272.638        273.022
            404        272.638        274.056
            405        272.638        273.838
            406        272.638        274.184
            407        272.638        274.381
            408        272.638        273.567
            409        272.638        273.698
            410        272.638        273.692
            411        272.638        274.583
            412        272.638        274.976
            413        272.638        274.281
            414        272.638        273.988
            415        272.638         273.92
            416        272.638        273.862
            417        272.638        274.273
            418        272.638        273.951
            419        272.638        273.611
            420        272.638        273.716
            421        272.638        273.952
            422        272.638        274.189
            423        272.638        273.514
            424        272.638        274.258
            425        272.638        274.425
            426        272.638        274.346
            427        272.638        273.531
            428        272.638        273.225
            429        272.638        273.226
            430        272.638         274.13
            431        272.638        274.689
            432        272.638        273.965
            433        272.638        274.594
            434        272.638        273.543
            435        272.638        273.175
            436        272.638         272.99
            437        272.638        273.526
            438        272.638        273.751
            439        272.638        273.714
            440        272.638        273.912
            441        272.638        274.197
            442        272.638        273.693
            443        272.638        274.102
            444        272.638        273.906
            445        272.638        273.946
            446        272.638        273.835
            447        272.638        274.392
            448        272.638        273.318
            449        272.638        273.604
            450        272.638        274.153
            451        272.638        273.999
            452        272.638        274.204
            453        272.638        273.385
            454        272.638        274.048
            455        272.638        274.115
            456        272.638        274.366
            457        272.638        274.553
            458        272.638        274.235
            459        272.638        274.005
            460        272.638        273.701
            461        272.638        273.187
            462        272.638        273.203
            463        272.638        273.084
            464        272.638        274.181
            465        272.638         273.72
            466        272.638        274.706
            467        272.638        273.645
            468        272.638        273.821
            469        272.638        273.852
            470        272.638        273.729
            471        272.638        274.206
            472        272.638         274.02
            473        272.638         274.94
            474        272.638        274.373
            475        272.638        273.746
            476        272.638        274.313
            477        272.638        273.913
            478        272.638        273.686
            479        272.638        274.416
            480        272.638        274.158
            481        272.638        273.668
            482        272.638        273.946
            483        272.638        274.537
            484        272.638         274.47
            485        272.638        273.893
            486        272.638        274.436
            487        272.638        274.176
            488        272.638        274.026
            489        272.638        274.312
            490        272.638        274.138
            491        272.638        273.759
            492        272.638        272.872
            493        272.638        273.671
            494        272.638        274.282
            495        272.638        273.553
            496        272.638        273.671
            497        272.638        273.893
            498        272.638        274.072
            499        272.638        273.806