              0        821.491        1043.39
              1        750.489        930.485
              2        700.022        825.724
              3        651.927        754.871
              4        618.125        703.838
              5        588.981        665.249
              6        578.901        629.972
              7        567.968        606.548
              8          513.1        587.386
              9        500.103        563.607
             10        490.306        533.407
             11        468.948        512.974
             12        458.118        499.318
             13        447.914        486.485
             14        437.469        470.346
             15        430.621        454.633
             16        421.293        443.714
             17        412.701          436.9
             18        400.094        431.742
             19        394.029        420.754
             20        385.171        408.915
             21        377.586        398.571
             22        373.458        391.409
             23        367.982        385.125
             24        363.854        379.669
             25        361.186        372.173
             26         356.88        367.848
             27        353.546        365.897
             28        351.113        363.917
             29        349.756        360.679
             30        346.611        359.017
             31        343.587         357.66
             32        340.048         352.95
             33        340.048        347.949
             34        337.539        344.124
             35        329.528        341.846
             36         323.36        338.826
             37        318.437        332.788
             38        311.718        327.842
             39        310.138        322.882
             40        305.854        317.959
             41        301.956        313.808
             42        300.944        310.549
             43        299.621        305.893
             44        297.999        304.325
             45        294.672        302.041
             46        294.269        300.427
             47        293.889        298.429
             48        293.889        296.192
             49        289.308         295.19
             50        288.721        294.763
             51        286.997        292.183
             52        285.195        290.472
             53        282.883        289.368
             54         281.19        286.949
             55        281.188        284.625
             56        281.188        283.676
             57        280.599          282.6
             58        280.599        282.072
             59        280.599        281.962
             60        280.222        281.783
             61        280.222        282.247
             62        280.222         282.31
             63        280.222        281.813
             64        279.375        281.385
             65        279.375        281.379
             66        279.375        282.429
             67        279.375        281.711
             68        279.375        281.145
             69        279.375        281.589
             70         276.03        281.397
             71         276.03        281.101
             72         276.03         280.07
             73         276.03        278.214
             74         276.03        278.167
             75         276.03        277.664
             76         276.03        277.074
             77         276.03        277.399
             78         276.03        277.436
             79         276.03        277.643
             80         276.03        278.116
             81         276.03        277.393
             82         276.03        277.451
             83         276.03        277.232
             84         276.03         276.99
             85         276.03        276.603
             86         276.03        276.767
             87         275.31        276.772
             88        274.446        277.421
             89        274.446        276.648
             90        274.446        276.233
             91        274.446        276.015
             92        274.446        275.727
             93        274.446        275.924
             94        274.446        275.623
             95        274.446        276.084
             96        274.446        276.231
             97        274.446        276.846
             98        274.446        275.683
             99        274.446        276.205
            100        274.446        275.707
            101        274.446        276.202
            102        274.446        275.806
            103        274.446        275.803
            104        274.446        274.949
            105        274.446        274.993
            106        274.446        276.437
            107        274.446        276.022
            108        274.446          275.2
            109        274.446        275.102
            110        274.446        275.655
            111        274.446        275.682
            112        274.446        275.451
            113        274.446        275.242
            114        274.446        275.258
            115        274.446        275.877
            116        274.446        276.004
            117        274.446        275.555
            118        274.446        275.504
            119        274.446        275.354
            120        274.446        275.599
            121        274.446        275.099
            122        274.446        275.462
            123        274.446        275.538
            124        274.446        276.045
            125        274.446        276.049
            126        274.446        275.384
            127        274.446        276.068
            128        274.446        276.199
            129        274.446        276.197
            130        274.446        276.296
            131        274.446        275.592
            132        274.446        275.196
            133        274.446        275.118
            134        274.446        274.998
            135        274.446        275.263
            136        274.446        275.498
            137        274.446        275.229
            138        274.446        275.757
            139        274.446        275.593
            140        274.446        275.044
            141        274.446        274.717
            142        274.446        275.518
            143        274.446        275.836
            144        274.446        275.527
            145        274.446        275.245
            146        274.446        275.773
            147        274.446        276.096
            148        274.446         275.63
            149        274.446        275.992
            150        274.446        275.383
            151        274.446        275.808
            152        274.446        275.911
            153        274.446        275.987
            154        274.446         276.13
            155        274.446        276.405
            156        274.446        275.202
            157        274.446        275.399
            158        274.446        275.743
            159        274.446        275.524
            160        274.446         276.09
            161        274.446        275.287
            162        274.446        274.721
            163        274.446        275.177
            164        274.446        275.131
            165        274.446        275.628
            166        274.446        275.545
            167        274.446        275.559
            168        274.446        276.014
            169        274.446        276.609
            170        274.446        276.426
            171        274.446        276.085
            172        274.446        275.569
            173        274.446        275.283
            174        274.446        276.067
            175        274.446        276.146
            176        274.446        276.067
            177        274.446        275.894
            178        274.446         275.73
            179        274.446        275.704
            180        274.446        276.129
            181        274.446        276.598
            182        274.446        275.776
            183        274.446        275.748
            184        274.446         275.41
            185        274.446         275.38
            186        274.446         275.68
            187        274.446         275.74
            188        274.446        275.707
            189        274.446        275.448
            190        274.446        276.606
            191        274.446        275.868
            192        274.446        276.378
            193        274.446         275.83
            194        274.446        275.127
            195        274.446        275.286
            196        274.446        275.424
            197        274.446        275.761
            198        274.446        275.432
            199        274.446         276.12
            200        274.446        275.443
            201        274.446        276.086
            202        274.446        276.444
            203        274.446        276.412
            204        274.446        275.601
            205        274.446        275.159
            206        274.446        275.278
            207        274.446        275.634
            208        274.446        276.108
            209        274.446         275.25
            210        274.446        274.889
            211        274.446        275.376
            212        274.446        275.279
            213        274.446        275.041
            214        274.446        275.234
            215        274.446        275.277
            216        274.446        275.719
            217        274.446        275.815
            218        274.446        275.611
            219        274.446        275.687
            220        274.446        275.679
            221        274.446        275.912
            222        274.446        275.569
            223        274.446         275.66
            224        274.446        276.972
            225        274.446        275.731
            226        274.446        275.891
            227        274.446        275.685
            228        274.446        275.876
            229        274.446        275.223
            230        274.446        274.957
            231        274.446        275.041
            232        274.446         275.34
            233        274.446        276.047
            234        274.446        275.966
            235        274.446         276.22
            236        274.446        275.945
            237        274.446        276.044
            238        274.446        276.048
            239        274.446        275.882
            240        274.446        276.388
            241        274.446        275.326
            242        274.446        275.003
            243        274.446        275.598
            244        274.446        275.502
            245        274.446        276.884
            246        274.446         275.16
            247        274.446        275.316
            248        274.446        275.409
            249        274.446        275.456
            250        274.446        276.082
            251        274.446        275.397
            252        274.446        275.345
            253        274.446        275.361
            254        274.446        275.154
            255        274.446        276.397
            256        274.446        276.186
            257        274.446        275.449
            258        274.446        275.543
            259        274.446         275.17
            260        274.446        275.076
            261        274.446        275.266
            262        274.446        275.602
            263        274.446        276.229
            264        274.446         276.68
            265        274.446        276.867
            266        274.446        275.579
            267        274.446        275.376
            268        274.446        274.864
            269        274.446        274.669
            270        274.446        275.085
            271        274.446        274.925
            272        274.446        275.233
            273        274.446         275.64
            274        274.446        275.577
            275        274.446        275.275
            276        274.446        275.272
            277        274.446        275.162
            278        274.446        275.002
            279        274.446        275.109
            280        274.446        274.878
            281        274.446        275.521
            282        274.446        275.585
            283        274.446        275.618
            284        274.446        274.797
            285        274.446        275.343
            286        274.446        275.184
            287        274.446        275.924
            288        274.446        275.881
            289        274.446        276.023
            290        274.446         275.48
            291        274.446        275.172
            292        274.446          274.9
            293        274.446        275.792
            294        274.446         274.81
            295        274.446        275.631
            296        274.446        275.869
            297        274.446        276.181
            298        274.446        276.087
            299        274.446        275.951
            300        274.446        275.812
            301        274.446        275.185
            302        274.446        275.242
            303        274.446         275.84
            304        274.446        275.844
            305        274.446        275.666
            306        274.446        276.104
            307        274.446        275.716
            308        274.446         275.08
            309        274.446        275.742
            310        274.446        275.623
            311        274.446        274.989
            312        274.446         276.18
            313        274.446        276.136
            314        274.446        276.247
            315        274.446        275.307
            316        274.446        275.559
            317        274.446        275.883
            318        274.446        275.783
            319        274.446        275.548
            320        274.446        275.386
            321        274.446        275.676
            322        274.446        275.462
            323        274.446         275.33
            324        274.446        276.449
            325        274.446        275.837
            326        274.446        275.594
            327        274.446         276.05
            328        274.446        275.972
            329        274.446        275.971
            330        274.446        276.186
            331        274.446         275.97
            332        274.446        275.581
            333        274.446         275.42
            334        274.446        275.398
            335        274.446        275.977
            336        274.446        275.832
            337        274.446        275.877
            338        274.446        275.839
            339        274.446        275.312
            340        274.446        275.328
            341        274.446        274.743
            342        274.446         274.85
            343        274.446        274.715
            344        274.446        275.345
            345        274.446        275.449
            346        274.446        275.507
            347        274.446        275.301
            348        274.446        275.354
            349        274.446        275.547
            350        274.446        275.421
            351        274.446        275.524
            352        274.446        275.349
            353        274.446        275.444
            354        274.446        275.626
            355        274.446        274.981
            356        274.446        275.982
            357        274.446        275.839
            358        274.446        276.189
            359        274.446        275.293
            360        274.446        275.718
            361        274.446        276.534
            362        274.446        276.285
            363        274.446        276.715
            364        274.446        276.058
            365        274.446        276.205
            366        274.446        276.404
            367        274.446        275.871
            368        274.446        275.553
            369        274.446         275.52
            370        274.446        275.204
            371        274.446        275.841
            372        274.446        275.282
            373        274.446        275.209
            374        274.446         275.46
            375        274.446        275.604
            376        274.446         275.77
            377        274.446        276.549
            378        274.446        275.753
            379        274.446        275.736
            380        274.446        275.561
            381        274.446        275.746
            382        274.446        275.514
            383        274.446        275.648
            384        274.446        275.759
            385        274.446        275.806
            386        274.446        276.523
            387        274.446        275.785
            388        274.446        276.312
            389        274.446        275.861
            390        274.446        275.752
            391        274.446        275.556
            392        274.446        275.217
            393        274.446        275.197
            394        274.446        275.733
            395        274.446        275.424
            396        274.446        276.415
            397        274.446        276.031
            398        274.446        276.134
            399        274.446        275.934
            400        274.446        276.072
            401        274.446        276.324
            402        274.446        275.294
            403        274.446        275.474
            404        274.446        275.806
            405        274.446        275.581
            406        274.446        275.168
            407        274.446        276.344
            408        274.446        275.437
            409        274.446        275.686
            410        274.446        276.436
            411        274.446         275.64
            412        274.446        275.409
            413        274.446        275.384
            414        274.446        275.543
            415        274.446         275.21
            416        274.446        275.852
            417        274.446        275.899
            418        274.446        275.726
            419        274.446        275.344
            420        274.446        275.341
            421        274.446        275.511
            422        274.446        275.671
            423        274.446        276.328
            424        274.446        275.695
            425        274.446        275.228
            426        274.446        275.635
            427        274.446        275.311
            428        274.446        275.291
            429        274.446        275.047
            430        274.446        275.511
            431        274.446        275.494
            432        274.446        275.836
            433        274.446        275.216
            434        274.446        275.088
            435        274.446         276.24
            436        274.446        275.628
            437        274.446        275.157
            438        274.446        275.431
            439        274.446        276.075
            440        274.446        276.187
            441        274.446         275.79
            442        274.446        275.704
            443        274.446        275.512
            444        274.446        275.399
            445        274.446        275.808
            446        274.446        275.624
            447        274.446        275.011
            448        274.446        275.255
            449        274.446        275.216
            450        274.446        275.737
            451        274.446        276.603
            452        274.446        276.469
            453        274.446        275.814
            454        274.446         275.78
            455        274.446        275.507
            456        274.446        276.512
            457        274.446        275.762
            458        274.446        276.555
            459        274.446         275.75
            460        274.446        275.694
            461        274.446        275.531
            462        274.446        275.755
            463        274.446        275.645
            464        274.446        275.678
            465        274.446        275.065
            466        274.446        275.742
            467        274.446        275.638
            468        274.446        275.486
            469        274.446        275.646
            470        274.446        275.691
            471        274.446        275.205
            472        274.446        275.588
            473        274.446        275.617
            474        274.446        275.661
            475        274.446        275.289
            476        274.446        275.901
            477        274.446        276.137
            478        274.446        275.748
            479        274.446        275.966
            480        274.446        275.618
            481        274.446        275.783
            482        274.446        275.473
            483        274.446         275.55
            484        274.446        275.283
            485        274.446        275.915
            486        274.446        275.793
            487        274.446        275.722
            488        274.446         276.12
            489        274.446        275.308
            490        274.446        275.313
            491        274.446        275.625
            492        274.446        275.247
            493        274.446        275.065
            494        274.446        275.339
            495        274.446        275.917
            496        274.446        275.206
            497        274.446        275.592
            498        274.446        275.445
            499        274.446        275.742