              0        800.223        1042.19
              1        746.605        932.517
              2        703.464        823.946
              3        664.647        756.848
              4        638.947        712.648
              5        612.536        683.004
              6        586.783        654.342
              7        555.481        628.326
              8        534.227        598.564
              9        517.678         567.55
             10        498.168        538.614
             11        477.063        522.126
             12        459.897         503.36
             13        445.438        488.536
             14        436.287        473.896
             15        418.826        460.483
             16        411.423        448.107
             17         399.27        433.186
             18        392.766        420.486
             19        386.229        412.071
             20        384.747        403.479
             21            372        392.565
             22        357.543        383.993
             23        354.666        374.038
             24        351.724        367.009
             25        350.264        363.743
             26        343.151         358.73
             27        341.434        354.525
             28        341.434        349.335
             29        340.094        345.622
             30        337.831         344.39
             31        333.055        344.686
             32        328.766        346.621
             33        318.475        345.816
             34        318.475        341.226
             35        315.184        332.899
             36        310.023        325.399
             37        310.023        320.103
             38        304.064        315.439
             39        303.006        312.315
             40        301.173        309.214
             41        298.331        306.079
             42        296.095        303.961
             43        295.049         301.19
             44        293.575         298.93
             45        293.175        297.369
             46        288.661        296.487
             47        287.929        294.608
             48        287.529         292.93
             49        286.031        290.666
             50        285.166        289.216
             51        283.249        288.059
             52        281.652         286.49
             53        281.652        284.917
             54        281.652        284.021
             55        281.652        283.064
             56        281.652        282.482
             57        281.652        282.628
             58        281.652        282.921
             59        281.274         283.37
             60        280.377        287.722
             61        280.377         290.19
             62        279.681        289.875
             63        276.668        291.944
             64        276.668        290.792
             65        276.668        287.083
             66        276.668        282.221
             67        276.668        279.954
             68        276.668         278.67
             69        276.668        277.772
             70        276.623        277.413
             71        275.842        277.462
             72        275.797        277.484
             73        275.797        277.107
             74        275.554        277.553
             75        274.727        277.467
             76        274.727        277.374
             77        274.727        277.072
             78        274.727        276.357
             79        274.727        276.213
             80        274.727         276.08
             81        274.682        275.629
             82        274.682        275.529
             83        274.682        276.536
             84        274.682        276.635
             85        274.682        275.878
             86        274.682         276.52
             87        274.682        275.795
             88        274.682        276.418
             89        274.682        280.773
             90        274.682         284.69
             91        274.682        281.632
             92        274.682        279.878
             93        273.042        277.748
             94        273.042         278.39
             95        273.042        278.636
             96        272.245         276.55
             97        272.245        275.822
             98        272.245        275.634
             99        272.245        273.481
            100        272.245        273.354
            101        272.245        274.381
            102        272.245        273.649
            103        271.985        273.068
            104        271.985        272.305
            105        271.985        273.054
            106        271.985        272.743
            107        271.985        273.164
            108        271.985         272.31
            109        271.985        272.206
            110        271.985        272.905
            111        271.985        277.466
            112        271.985        281.459
            113        271.985        281.448
            114        271.985        279.493
            115        271.985        276.873
            116        271.985         274.91
            117        271.985        274.102
            118        271.985        273.591
            119        271.985        273.325
            120        271.985        272.397
            121        271.985        272.867
            122        271.985        272.793
            123        271.985        273.426
            124        271.985        273.145
            125        271.985        273.123
            126        271.985        273.324
            127        271.985         273.94
            128        271.985        273.529
            129        271.985        273.916
            130        271.985        273.962
            131        271.985        273.062
            132        271.985        273.284
            133        271.985        273.108
            134        271.985        272.654
            135        271.985          272.6
            136        271.985        272.768
            137        271.985        272.819
            138        271.985        272.528
            139        271.985         272.51
            140        271.985         272.54
            141        271.985        272.737
            142        271.985        272.581
            143        271.985        273.092
            144        271.985        272.658
            145        271.985        272.263
            146        271.985        272.945
            147        271.985        272.669
            148        271.985        272.763
            149        271.985        272.875
            150        271.985        273.157
            151        271.985        273.829
            152        271.985        273.444
            153        271.985        273.197
            154        271.985        272.972
            155        271.985        273.807
            156        271.985        274.045
            157        271.985        272.989
            158        271.985         273.22
            159        271.985        273.412
            160        271.985        273.257
            161        271.985        273.309
            162        271.985        274.229
            163        271.985        273.726
            164        271.985        273.492
            165        271.985        272.991
            166        271.985        272.848
            167        271.985        272.489
            168        271.985        272.647
            169        271.985        272.374
            170        271.985        272.756
            171        271.985        273.004
            172        271.985        273.256
            173        271.985        273.354
            174        271.985         272.91
            175        271.985        272.622
            176        271.985        272.957
            177        271.985        273.137
            178        271.985        272.547
            179        271.985        273.606
            180        271.985        273.433
            181        271.985        273.511
            182        271.985        273.661
            183        271.985        274.358
            184        271.985        274.001
            185        271.985        273.333
            186        271.985        273.262
            187        271.985        273.395
            188        271.985        273.022
            189        271.985        272.962
            190        271.985        272.737
            191        271.985        272.704
            192        271.985        273.196
            193        271.985        273.256
            194        271.985        273.137
            195        271.985        273.409
            196        271.985        273.034
            197        271.985        272.476
            198        271.985        272.479
            199        271.985        272.604
            200        271.985        272.877
            201        271.985        273.244
            202        271.985        273.113
            203        271.985        272.854
            204        271.985         273.44
            205        271.985        272.985
            206        271.985        273.026
            207        271.985        272.935
            208        271.985        273.036
            209        271.985        273.175
            210        271.985        272.172
            211        271.985        272.264
            212        271.985        273.154
            213        271.985        273.135
            214        271.985        272.729
            215        271.985        273.396
            216        271.985        273.164
            217        271.985        273.211
            218        271.985        273.571
            219        271.985        273.022
            220        271.985        272.701
            221        271.985        273.698
            222        271.985        273.431
            223        271.985         273.73
            224        271.985        273.189
            225        271.985         273.03
            226        271.985        273.006
            227        271.985        273.208
            228        271.985        273.381
            229        271.985        273.977
            230        271.443         272.56
            231        271.443        272.835
            232        271.443         272.92
            233        271.443        272.484
            234        271.443        272.211
            235        271.443        272.844
            236        271.443        272.791
            237        271.443        272.608
            238        271.443        272.301
            239        271.443         272.65
            240        271.443        273.418
            241        271.443         272.97
            242        271.443        273.056
            243        271.443        273.278
            244        271.443        272.769
            245        271.443        272.383
            246        271.443        272.763
            247        271.443        272.788
            248        271.443        272.695
            249        271.443         272.93
            250        271.443         273.04
            251        271.443        272.909
            252        271.443        273.069
            253        271.443        272.719
            254        271.443        272.341
            255        271.443        272.338
            256        271.443        273.019
            257        271.443        272.248
            258        271.443        271.914
            259        271.443        272.068
            260        271.443        271.796
            261        271.443        272.234
            262        271.443        272.179
            263        271.443        272.654
            264        271.443        272.546
            265        271.443        272.985
            266        271.443        273.255
            267        271.443        272.475
            268        271.443        272.241
            269        271.443         272.87
            270        271.443        272.531
            271        271.443        272.995
            272        271.443        272.595
            273        271.443        272.848
            274        271.443        272.421
            275        271.443        272.589
            276        271.443        272.522
            277        271.443        272.009
            278        271.443        272.303
            279        271.443        272.751
            280        271.443        272.957
            281        271.443         272.99
            282        271.443        272.304
            283        271.443        272.563
            284        271.443        272.393
            285        271.443        272.121
            286        271.443        272.485
            287        271.443        273.045
            288        271.443        273.376
            289        271.443        272.266
            290        271.443        272.409
            291        271.443        273.056
            292        271.443        272.776
            293        271.443        272.909
            294        271.443        272.696
            295        271.443         272.49
            296        271.443        272.256
            297        271.443        272.373
            298        271.443        272.494
            299        271.443        272.036
            300        271.443        272.575
            301        271.443        271.972
            302        271.443        272.348
            303        271.443        272.917
            304        271.443        273.038
            305        271.443        272.774
            306        271.443        272.666
            307        271.443        272.475
            308        271.443        272.289
            309        271.443        272.851
            310        271.443        273.015
            311        271.443        272.984
            312        271.443        272.636
            313        271.443        272.563
            314        271.443        272.044
            315        271.443        272.784
            316        271.443        272.623
            317        271.443         272.35
            318        271.443        272.858
            319        271.443        273.262
            320        271.443        272.973
            321        271.443        273.345
            322        271.443        273.813
            323        271.443        272.748
            324        271.443        273.674
            325        271.443        272.374
            326        271.443        272.228
            327        271.443        273.499
            328        271.443        272.779
            329        271.443         272.54
            330        271.443        272.832
            331        271.443        272.713
            332        271.443        272.079
            333        271.443        272.902
            334        271.443        272.745
            335        271.443        272.785
            336        271.443        272.264
            337        271.443        272.173
            338        271.443        272.349
            339        271.443        272.276
            340        271.443        272.933
            341        271.443        273.118
            342        271.443        273.457
            343        271.443        273.208
            344        271.443        272.526
            345        271.443        271.706
            346        271.443        272.155
            347        271.443        272.027
            348        271.443        272.466
            349        271.443         272.35
            350        271.443        272.381
            351        271.443        272.931
            352        271.443        273.282
            353        271.443          272.5
            354        271.443        272.584
            355        271.443        272.463
            356        271.443        272.457
            357        271.443        272.308
            358        271.443        272.293
            359        271.443        273.161
            360        271.443        272.833
            361        271.443        272.629
            362        271.443        272.994
            363        271.443        273.115
            364        271.443        272.871
            365        271.443        272.958
            366        271.443         272.32
            367        271.443          272.9
            368        271.443        272.985
            369        271.443         272.41
            370        271.443         272.35
            371        271.443         272.19
            372        271.443        272.923
            373        271.443        272.728
            374        271.443         272.55
            375        271.443        273.477
            376        271.443        272.597
            377        271.443        273.281
            378        271.443        273.081
            379        271.443        271.919
            380        271.443        272.491
            381        271.443        272.227
            382        271.443        272.699
            383        271.443         272.06
            384        271.443        272.808
            385        271.443        272.794
            386        271.443        272.276
            387        271.443        272.628
            388        271.443        271.904
            389        271.443        272.086
            390        271.443        273.521
            391        271.443        272.481
            392        271.443        272.984
            393        271.443        272.125
            394        271.443        272.761
            395        271.443        272.578
            396        271.443        272.079
            397        271.443        272.525
            398        271.443        271.828
            399        271.443        272.056
            400        271.443        272.344
            401        271.443        272.521
            402        271.443        272.404
            403        271.443        272.317
            404        271.443        272.556
            405        271.443        272.783
            406        271.443        272.397
            407        271.443        272.993
            408        271.443        273.031
            409        271.443        273.033
            410        271.443        273.061
            411        271.443        272.912
            412        271.443        272.651
            413        271.443        272.484
            414        271.443        272.097
            415        271.443        272.189
            416        271.443        271.776
            417        271.443        271.729
            418        271.443        272.679
            419        271.443        272.455
            420        271.443        272.385
            421        271.443        272.331
            422        271.443        272.346
            423        271.443        271.908
            424        271.443        272.659
            425        271.443        273.152
            426        271.443        272.306
            427        271.443        272.508
            428        271.443         272.88
            429        271.443        273.064
            430        271.443        272.388
            431        271.443         272.79
            432        271.443        272.802
            433        271.443        272.759
            434        271.443        272.049
            435        271.443        272.093
            436        271.443        272.538
            437        271.443        273.291
            438        271.443        273.267
            439        271.443        273.121
            440        271.443        273.436
            441        271.443        272.971
            442        271.443         272.55
            443        271.443        272.209
            444        271.443        272.319
            445        271.443        272.164
            446        271.443        272.884
            447        271.443        273.308
            448        271.443        273.693
            449        271.443        272.793
            450        271.443        272.301
            451        271.443        272.777
            452        271.443        272.724
            453        271.443        272.223
            454        271.443        272.229
            455        271.443        272.639
            456        271.443         272.45
            457        271.443        273.001
            458        271.443        272.772
            459        271.443        272.926
            460        271.443        272.804
            461        271.443         272.77
            462        271.443        272.276
            463        271.443        272.846
            464        271.443        272.774
            465        271.443        273.039
            466        271.443        273.251
            467        271.443        272.655
            468        271.443        272.551
            469        271.443        273.513
            470        271.443        272.565
            471        271.443        272.509
            472        271.443        272.333
            473        271.443        272.752
            474        271.443        272.393
            475        271.443        272.673
            476        271.443        272.551
            477        271.443        273.463
            478        271.443        273.361
            479        271.443        272.812
            480        271.443        272.651
            481        271.443        272.624
            482        271.443        272.965
            483        271.443        272.066
            484        271.443        272.731
            485        271.443        271.901
            486        271.443        272.332
            487        271.443        273.256
            488        271.443        273.982
            489        271.443        274.116
            490        271.443        273.677
            491        271.443        274.431
            492        271.443        273.593
            493        271.443        272.874
            494        271.443        272.351
            495        271.443        272.075
            496        271.443        272.141
            497        271.443        272.332
            498        271.443        272.634
            499        271.443        273.065