              0         854.68        1045.55
              1        793.552        956.451
              2        742.022        871.683
              3        719.733        807.931
              4        668.445         761.44
              5        629.361         724.09
              6        606.324        688.425
              7         587.68        652.096
              8        568.723        621.375
              9        541.078        597.684
             10        511.571         575.97
             11        485.945        547.046
             12        470.631        516.993
             13        463.019        494.622
             14        442.509        478.118
             15        437.833        464.114
             16        430.193        451.541
             17        424.098        442.568
             18        412.301        436.727
             19        405.582        428.665
             20        400.244        418.889
             21        345.441        404.233
             22        339.593         383.42
             23        334.502        361.203
             24        333.594        349.317
             25        328.274        341.693
             26        324.138        336.294
             27        321.782        332.803
             28        319.779         332.24
             29        319.779        331.232
             30        316.641        326.409
             31        315.925        323.179
             32        315.469        321.141
             33        315.075        319.681
             34        311.595        318.238
             35        309.301        317.504
             36        305.821        316.306
             37        303.529        314.426
             38        303.257         310.85
             39         300.58        307.867
             40        299.238        306.041
             41        297.676        311.193
             42        295.185        311.489
             43        293.484        308.553
             44         292.83        301.468
             45        291.482        298.791
             46        290.419        299.161
             47        283.342        299.605
             48        283.342        302.158
             49        283.342        299.888
             50        283.342         293.82
             51        283.342         290.11
             52         281.58        286.274
             53        279.563        285.015
             54        278.774        286.179
             55        278.774        286.306
             56        278.774        284.993
             57        278.774        283.107
             58        278.054        280.975
             59        278.037        280.853
             60        278.037        282.299
             61        276.757        292.907
             62        276.757        290.393
             63        276.757        285.241
             64        276.757        281.329
             65        275.749        279.583
             66        275.749        278.257
             67        275.749        277.701
             68        275.749         277.34
             69        275.749        276.826
             70        275.749        276.961
             71        275.749        277.006
             72        275.749        277.235
             73        275.749        277.039
             74        275.749        277.189
             75        275.749        277.192
             76        275.749        276.873
             77        275.749        277.367
             78        275.749        277.228
             79        275.749         278.07
             80        275.749        277.252
             81        271.103        274.048
             82        271.103        276.819
             83        271.103        276.319
             84        271.103         274.42
             85        271.103        274.084
             86        271.103        273.276
             87        271.103        273.326
             88        271.103        272.971
             89        268.936        273.963
             90        268.936        275.148
             91        268.936        275.463
             92        268.936        273.831
             93        268.936        272.381
             94        268.936        271.104
             95        268.936        270.163
             96        268.936        270.398
             97        268.936         273.81
             98        268.936        278.463
             99        268.936        277.372
            100        268.936        275.334
            101        268.371        274.266
            102        268.371        274.504
            103        268.371        271.698
            104        268.371         270.34
            105        268.371        269.298
            106        268.371        269.718
            107        268.371        269.444
            108        268.371        269.616
            109        268.371        269.709
            110        268.371        269.711
            111        268.371        269.578
            112        268.371        269.452
            113        268.371         269.46
            114        268.371        269.404
            115        268.371        269.997
            116        268.371        269.256
            117        268.371        269.327
            118        268.371        269.621
            119        268.371        269.276
            120        268.371        270.506
            121        268.371        269.561
            122        268.371        269.723
            123        268.371        269.687
            124        268.371        269.367
            125        268.371        269.004
            126        268.371        268.964
            127        268.371        269.636
            128        268.371        269.785
            129        268.371        269.355
            130        268.371        270.151
            131        268.371        269.762
            132        268.371        268.891
            133        268.371        269.661
            134        268.371        269.578
            135        268.371        269.582
            136        268.371        269.057
            137        268.371        269.336
            138        268.371         269.34
            139        268.371        269.791
            140        268.371        269.125
            141        268.371        269.917
            142        268.371         269.73
            143        268.371        269.966
            144        268.371        269.752
            145        268.371        269.411
            146        268.371        269.058
            147        268.371        268.917
            148        268.371        269.092
            149        268.371        269.478
            150        268.371        269.834
            151        268.371        269.788
            152        268.371        269.775
            153        268.371        269.804
            154        268.371         270.13
            155        268.371        269.912
            156        268.371        269.385
            157        268.371        269.345
            158        268.371        268.563
            159        268.371        268.879
            160        268.371        269.829
            161        268.371        270.113
            162        268.371        270.052
            163        268.371        269.824
            164        268.371        269.667
            165        268.371        269.253
            166        268.371         269.38
            167        268.371        269.474
            168        268.371        269.892
            169        268.371         269.32
            170        268.371        269.276
            171        268.371        269.918
            172        268.371        269.753
            173        268.371        269.529
            174        268.371        269.479
            175        268.371        269.708
            176        268.371        270.026
            177        268.371        270.092
            178        268.371        269.501
            179        268.371        270.429
            180        268.371        270.239
            181        268.371        269.476
            182        268.371        269.143
            183        268.371        270.234
            184        268.371        269.743
            185        268.371        269.503
            186        268.371        269.809
            187        268.371        269.673
            188        268.371         269.51
            189        268.371        269.143
            190        268.371        269.927
            191        268.371         269.83
            192        268.371        269.887
            193        268.371        269.601
            194        268.371        269.748
            195        268.371        269.684
            196        268.371        269.204
            197        268.371        269.184
            198        268.371        269.171
            199        268.371        269.171
            200        268.371        269.866
            201        268.371        269.422
            202        268.371        269.615
            203        268.371        270.628
            204        268.371        269.891
            205        268.371        269.583
            206        268.371        269.356
            207        268.371        269.938
            208        268.371         269.76
            209        268.371        270.091
            210        268.371        269.303
            211        268.371        270.002
            212        268.371        269.695
            213        268.371         269.91
            214        268.371        269.532
            215        268.371        269.145
            216        268.371         269.21
            217        268.371        268.907
            218        268.371        269.772
            219        268.371        270.066
            220        268.371        269.969
            221        268.371        270.081
            222        268.371         269.86
            223        268.371        269.508
            224        268.371        269.495
            225        268.371        269.927
            226        268.371        270.357
            227        268.371        270.587
            228        268.371        269.926
            229        268.371        269.647
            230        268.371        269.359
            231        268.371        269.143
            232        268.371         269.42
            233        268.371        268.925
            234        268.371        269.223
            235        268.371        269.374
            236        268.371        269.591
            237        268.371        269.888
            238        268.371        269.221
            239        268.371        269.097
            240        268.371        269.128
            241        268.371        269.455
            242        268.371        269.123
            243        268.371        269.547
            244        268.371        269.592
            245        268.371        270.111
            246        268.371        270.113
            247        268.371        269.683
            248        268.371        269.549
            249        268.371        269.424
            250        268.371        269.111
            251        268.371        269.463
            252        268.371        268.881
            253        268.371        268.917
            254        268.371        268.844
            255        268.371        268.661
            256        268.371        268.719
            257        268.371        268.857
            258        268.371        269.311
            259        268.371        269.879
            260        268.371        269.121
            261        268.371        268.893
            262        268.371        268.905
            263        268.371        268.948
            264        268.371        269.962
            265        268.371        269.243
            266        268.371        269.891
            267        268.371        269.366
            268        268.371         269.49
            269        268.371        270.102
            270        268.371        269.992
            271        268.371        270.151
            272        268.371        269.997
            273        268.371        269.293
            274        268.371        269.188
            275        268.371        269.414
            276        268.371         269.09
            277        268.371        268.821
            278        268.371        268.651
            279        268.371        269.239
            280        268.371        269.669
            281        268.371        269.208
            282        268.371        269.525
            283        268.371        269.343
            284        268.371        269.313
            285        268.371        269.533
            286        268.371        269.543
            287        268.371        269.276
            288        268.371        269.477
            289        268.371        269.858
            290        268.371        269.589
            291        268.371        269.412
            292        268.371        269.833
            293        268.371        270.969
            294        268.371        269.789
            295        268.371        269.251
            296        268.371        269.233
            297        268.371        268.718
            298        268.371        269.774
            299        268.371        269.245
            300        268.371        269.484
            301        268.371         269.84
            302        268.371         270.41
            303        268.371        269.962
            304        268.371        269.673
            305        268.371        269.108
            306        268.371        268.917
            307        268.371        269.223
            308        268.371        269.355
            309        268.371        269.438
            310        268.371        269.994
            311        268.371        269.599
            312        268.371         269.34
            313        268.371        269.378
            314        268.371        269.164
            315        268.371         269.11
            316        268.371        269.052
            317        268.371        270.001
            318        268.371        269.491
            319        268.371        268.759
            320        268.371        268.976
            321        268.371        269.465
            322        268.371        270.003
            323        268.371        270.204
            324        268.371        270.342
            325        268.371        270.222
            326        268.371        269.905
            327        268.371        270.114
            328        268.371        269.434
            329        268.371        269.953
            330        268.371        269.522
            331        268.371        269.206
            332        268.371        269.116
            333        268.371        269.444
            334        268.371        269.301
            335        268.371        268.951
            336        268.371        269.237
            337        268.371        268.601
            338        268.371        268.621
            339        268.371        268.846
            340        268.371        269.106
            341        268.371        269.325
            342        268.371        269.547
            343        268.371        269.615
            344        268.371        269.517
            345        268.371          269.7
            346        268.371        269.041
            347        268.371        269.276
            348        268.371        269.708
            349        268.371        269.859
            350        268.371        269.794
            351        268.371        269.449
            352        268.371        269.759
            353        268.371        269.743
            354        268.371        269.837
            355        268.371        269.045
            356        268.371        269.157
            357        268.371        269.413
            358        268.371        269.543
            359        268.371        269.587
            360        268.371          269.4
            361        268.371        270.195
            362        268.371        269.725
            363        268.371        269.689
            364        268.371        269.793
            365        268.371         270.68
            366        268.371        270.661
            367        268.371         269.49
            368        268.371        269.274
            369        268.371        269.658
            370        268.371        269.293
            371        268.371        268.945
            372        268.371        268.964
            373        268.371        269.508
            374        268.371        269.397
            375        268.371        269.594
            376        268.371         269.54
            377        268.371        269.121
            378        268.371        269.034
            379        268.371        269.078
            380        268.371        269.155
            381        268.371        269.274
            382        268.371        268.889
            383        268.371        269.423
            384        268.371        269.415
            385        268.371        268.987
            386        268.371        269.593
            387        268.371        269.469
            388        268.371        269.783
            389        268.371        269.744
            390        268.371        269.791
            391        268.371        269.479
            392        268.371         269.38
            393        268.371        270.055
            394        268.371        269.815
            395        268.371        270.027
            396        268.371        269.951
            397        268.371        269.121
            398        268.371        269.139
            399        268.371        269.318
            400        268.371         269.37
            401        268.371        269.882
            402        268.371        269.471
            403        268.371        270.208
            404        268.371        270.525
            405        268.371        269.377
            406        268.371        268.988
            407        268.371        268.834
            408        268.371        269.359
            409        268.371        268.974
            410        268.371         269.52
            411        268.371        268.868
            412        268.371        268.892
            413        268.371        269.046
            414        268.371        269.677
            415        268.371        269.719
            416        268.371        269.762
            417        268.371        270.137
            418        268.371        269.951
            419        268.371        269.312
            420        268.371         269.51
            421        268.371        269.738
            422        268.371        269.339
            423        268.371        269.524
            424        268.371        270.021
            425        268.371        269.421
            426        268.371        269.066
            427        268.371        269.227
            428        268.371        269.154
            429        268.371        269.527
            430        268.371        269.163
            431        268.371        269.731
            432        268.371         269.29
            433        268.371        269.288
            434        268.371        269.713
            435        268.371        268.979
            436        268.371        268.796
            437        268.371        268.963
            438        268.371        269.542
            439        268.371        270.071
            440        268.371        270.037
            441        268.371        270.742
            442        268.371        270.237
            443        268.371        269.794
            444        268.371        269.221
            445        268.371        270.094
            446        268.371        269.782
            447        268.371        270.313
            448        268.371        269.038
            449        268.371        268.847
            450        268.371        268.984
            451        268.371         269.34
            452        268.371        269.836
            453        268.371        269.048
            454        268.371        269.086
            455        268.371        268.932
            456        268.371        268.947
            457        268.371        268.898
            458        268.371        269.184
            459        268.371        269.505
            460        268.371        270.168
            461        268.371        269.892
            462        268.371        269.806
            463        268.371        269.504
            464        268.371        268.702
            465        268.371        268.915
            466        268.371        269.438
            467        268.371        269.477
            468        268.371         269.86
            469        268.371        269.159
            470        268.371        269.278
            471        268.371         269.43
            472        268.371        269.706
            473        268.371        269.695
            474        268.371        269.763
            475        268.371        269.164
            476        268.371        268.981
            477        268.371        268.615
            478        268.371        269.236
            479        268.371        268.839
            480        268.371         268.74
            481        268.371        268.844
            482        268.371        268.714
            483        268.371         269.33
            484        268.371        269.812
            485        268.371        269.992
            486        268.371        269.164
            487        268.371        269.626
            488        268.371        269.716
            489        268.371        269.641
            490        268.371        269.652
            491        268.371         269.29
            492        268.371        269.456
            493        268.371        269.529
            494        268.371        269.596
            495        268.371        269.641
            496        268.371         269.86
            497        268.371        269.883
            498        268.371        269.487
            499        268.371        269.487