              0         842.05         1047.6
              1        776.183        950.196
              2        727.853         856.99
              3        678.879        781.608
              4        628.911        724.668
              5        604.187        679.894
              6         588.26        643.986
              7        565.446        619.041
              8        546.276        599.637
              9        507.805        581.402
             10        501.277         555.92
             11        478.694        527.969
             12        456.987        508.048
             13        432.978        488.881
             14        405.363        465.134
             15        386.932        442.321
             16        381.092        418.491
             17        376.445        399.422
             18        367.861        393.295
             19        361.877        385.103
             20         355.28        375.954
             21         357.09        382.304
             22        350.292        374.416
             23        344.448         367.79
             24         339.35        359.057
             25        334.775        349.905
             26        329.943        343.225
             27        326.728        339.549
             28        321.456        336.166
             29        317.067        332.076
             30        313.617        329.221
             31        312.863        323.976
             32        309.382        320.673
             33        305.537        316.249
             34        301.551        312.878
             35        299.069        309.849
             36        299.069        305.911
             37        297.879         303.35
             38        297.879        301.849
             39        296.881        300.073
             40        290.993        299.238
             41        295.274        313.022
             42        294.083        307.458
             43        290.576        301.364
             44        289.386          297.5
             45        289.386        294.742
             46        289.386         291.97
             47        289.386        291.124
             48        289.386         289.96
             49        285.589        290.025
             50        285.522        290.275
             51        285.522         288.57
             52        282.834        287.576
             53        282.834        289.883
             54        280.558        290.075
             55        280.558        290.888
             56        280.558        289.505
             57        280.558         288.25
             58        280.558        285.341
             59        280.521        283.075
             60        280.202        281.975
             61        275.474        286.796
             62        274.436         283.19
             63        274.436        280.243
             64        274.436        277.822
             65        274.436        276.094
             66        273.447        275.869
             67        271.898        275.195
             68        271.898        274.812
             69        271.898        274.452
             70        271.898        273.542
             71        271.898         274.27
             72        271.898        273.365
             73        271.898        273.198
             74        271.898        272.754
             75        271.898        272.631
             76        271.898        272.692
             77        271.898        272.391
             78        271.898        272.541
             79        271.898        272.514
             80        270.784        272.771
             81        271.898        276.525
             82        271.898        279.608
             83        271.898        278.652
             84        271.898        276.374
             85        271.898        275.072
             86        271.898        273.328
             87        271.898        273.165
             88        271.898        273.334
             89        271.898        274.087
             90        271.898        273.841
             91        271.898        273.185
             92        271.898        272.926
             93        271.898        272.863
             94        271.898        273.145
             95        271.898        272.394
             96        271.898        272.404
             97        271.898        272.795
             98        271.898        272.711
             99        271.898         273.38
            100        270.784        272.874
            101        271.184        273.059
            102        271.184        273.606
            103        271.184        273.917
            104        271.184        273.658
            105        271.184         272.48
            106        271.184        272.529
            107        271.184        271.892
            108        271.184        272.125
            109        271.184        271.983
            110        271.184        272.504
            111        271.184        272.424
            112        271.184        272.266
            113        270.619        272.256
            114        270.619        272.254
            115        270.619        272.615
            116        270.619        271.961
            117        270.619        271.699
            118        268.452        271.383
            119        268.452        274.198
            120        268.452        275.932
            121        268.371        277.678
            122        268.371        276.067
            123        268.371         272.88
            124        268.371         271.09
            125        268.371        270.327
            126        268.371         270.32
            127        268.371        269.712
            128        268.371        269.208
            129        268.371        269.328
            130        268.371        269.577
            131        268.371        269.559
            132        268.371        269.659
            133        268.371        270.113
            134        268.371        269.349
            135        268.371        269.928
            136        268.371        269.828
            137        268.371        269.598
            138        268.371        270.155
            139        268.371        269.737
            140        268.371        269.468
            141        268.371        269.093
            142        268.371        269.488
            143        268.371        269.265
            144        268.371        269.678
            145        268.371        269.565
            146        268.371        269.445
            147        268.371        268.735
            148        268.371          268.8
            149        268.371        269.548
            150        268.371        270.672
            151        268.371        270.189
            152        268.371        269.869
            153        268.371         270.03
            154        268.371        269.251
            155        268.371        269.739
            156        268.371        269.526
            157        268.371        269.986
            158        268.371        269.773
            159        268.371        268.958
            160        268.371        269.246
            161        268.371        268.994
            162        268.371        269.105
            163        268.371        269.942
            164        268.371        269.468
            165        268.371        269.258
            166        268.371        269.556
            167        268.371        269.673
            168        268.371         269.57
            169        268.371        269.691
            170        268.371        269.378
            171        268.371        269.634
            172        268.371        269.019
            173        268.371         269.42
            174        268.371        269.171
            175        268.371        269.245
            176        268.371        269.319
            177        268.371         269.08
            178        268.371        269.894
            179        268.371        269.267
            180        268.371        268.783
            181        268.371        269.075
            182        268.371        269.043
            183        268.371        269.291
            184        268.371        269.279
            185        268.371        269.281
            186        268.371         269.14
            187        268.371        270.036
            188        268.371         269.75
            189        268.371        269.052
            190        268.371        269.411
            191        268.371        269.214
            192        268.371        268.779
            193        268.371        269.076
            194        268.371         269.15
            195        268.371        269.748
            196        268.371        269.702
            197        268.371        269.726
            198        268.371        270.054
            199        268.371         269.97
            200        268.371        269.218
            201        268.371        269.517
            202        268.371        269.386
            203        268.371        270.045
            204        268.371        269.693
            205        268.371        269.367
            206        268.371        269.134
            207        268.371        269.241
            208        268.371        270.291
            209        268.371         270.32
            210        268.371        269.286
            211        268.371        270.203
            212        268.371         269.36
            213        268.371        269.427
            214        268.371        269.529
            215        268.371        269.855
            216        268.371         269.68
            217        268.371        269.422
            218        268.371        269.274
            219        268.371        268.774
            220        268.371        269.372
            221        268.371        269.394
            222        268.371        269.077
            223        268.371        269.303
            224        268.371        269.552
            225        268.371        269.048
            226        268.371        269.964
            227        268.371        270.169
            228        268.371        269.475
            229        268.371        269.191
            230        268.371        269.487
            231        268.371        269.364
            232        268.371        269.474
            233        268.371        269.146
            234        268.371        268.762
            235        268.371        269.009
            236        268.371        269.792
            237        268.371        270.523
            238        268.371        270.449
            239        268.371        270.097
            240        268.371        269.726
            241        268.371        270.269
            242        268.371        270.054
            243        268.371        270.255
            244        268.371        269.669
            245        268.371        269.349
            246        268.371        269.464
            247        268.371        269.143
            248        268.371         269.51
            249        268.371        269.614
            250        268.371         269.47
            251        268.371        269.568
            252        268.371        269.959
            253        268.371        269.637
            254        268.371         269.17
            255        268.371        269.434
            256        268.371        269.468
            257        268.371        269.753
            258        268.371        269.449
            259        268.371        269.448
            260        268.371         270.25
            261        268.371         269.57
            262        268.371        268.882
            263        268.371        269.006
            264        268.371         269.22
            265        268.371        269.868
            266        268.371        268.849
            267        268.371        269.303
            268        268.371        269.739
            269        268.371        269.172
            270        268.371        269.037
            271        268.371        269.539
            272        268.371        269.636
            273        268.371        269.611
            274        268.371        270.007
            275        268.371        269.453
            276        268.371         269.46
            277        268.371        269.769
            278        268.371        269.918
            279        268.371        270.685
            280        268.371        270.253
            281        268.371        270.583
            282        268.371        270.148
            283        268.371        269.469
            284        268.371        269.126
            285        268.371        269.397
            286        268.371        269.205
            287        268.371        269.561
            288        268.371        269.345
            289        268.371        269.065
            290        268.371        269.173
            291        268.371        269.215
            292        268.371        268.981
            293        268.371        269.697
            294        268.371        270.188
            295        268.371        269.066
            296        268.371        269.099
            297        268.371        269.504
            298        268.371        270.142
            299        268.371        269.614
            300        268.371        269.849
            301        268.371         270.49
            302        268.371        269.536
            303        268.371          269.3
            304        268.371        269.422
            305        268.371        269.517
            306        268.371         269.56
            307        268.371        269.817
            308        268.371        270.155
            309        268.371        270.184
            310        268.371        270.391
            311        268.371        269.519
            312        268.371        269.804
            313        268.371        269.456
            314        268.371        270.443
            315        268.371        270.328
            316        268.371        270.222
            317        268.371        269.564
            318        268.371        269.421
            319        268.371        269.694
            320        268.371        269.229
            321        268.371        269.205
            322        268.371        270.037
            323        268.371        269.855
            324        268.371        269.615
            325        268.371        269.591
            326        268.371        269.541
            327        268.371        269.132
            328        268.371        268.922
            329        268.371        268.711
            330        268.371        269.511
            331        268.371        269.369
            332        268.371        269.567
            333        268.371        269.796
            334        268.371        269.419
            335        268.371         269.14
            336        268.371        268.894
            337        268.371        269.143
            338        268.371        269.075
            339        268.371        268.771
            340        268.371        269.457
            341        268.371        269.215
            342        268.371        269.337
            343        268.371        269.547
            344        268.371        269.624
            345        268.371        269.279
            346        268.371        269.158
            347        268.371        269.474
            348        268.371        269.335
            349        268.371        269.666
            350        268.371        269.249
            351        268.371        269.515
            352        268.371         270.03
            353        268.371        269.301
            354        268.371        268.841
            355        268.371        269.162
            356        268.371        269.167
            357        268.371        269.461
            358        268.371        268.811
            359        268.371        268.528
            360        268.371        268.893
            361        268.371        269.294
            362        268.371        269.752
            363        268.371        270.027
            364        268.371        269.583
            365        268.371        269.495
            366        268.371        269.322
            367        268.371        269.219
            368        268.371        269.837
            369        268.371         270.01
            370        268.371        269.467
            371        268.371        269.352
            372        268.371        269.687
            373        268.371        269.523
            374        268.371        269.881
            375        268.371        269.683
            376        268.371        269.307
            377        268.371        269.656
            378        268.371        269.025
            379        268.371        269.088
            380        268.371        269.323
            381        268.371        269.496
            382        268.371        269.041
            383        268.371        268.904
            384        268.371        268.899
            385        268.371        269.167
            386        268.371        269.152
            387        268.371        269.345
            388        268.371        269.356
            389        268.371        269.179
            390        268.371        269.042
            391        268.371        269.192
            392        268.371         269.79
            393        268.371        269.598
            394        268.371        268.873
            395        268.371        269.059
            396        268.371        269.472
            397        268.371        269.906
            398        268.371        269.858
            399        268.371        269.713
            400        268.371        269.088
            401        268.371        269.026
            402        268.371        269.801
            403        268.371        269.987
            404        268.371        269.578
            405        268.371        269.875
            406        268.371        269.422
            407        268.371        269.121
            408        268.371        269.221
            409        268.371         269.64
            410        268.371        269.483
            411        268.371        269.284
            412        268.371        269.981
            413        268.371         269.54
            414        268.371        269.845
            415        268.371        269.207
            416        268.371        269.277
            417        268.371        269.441
            418        268.371        269.642
            419        268.371         269.15
            420        268.371        268.934
            421        268.371        268.936
            422        268.371        269.592
            423        268.371        269.667
            424        268.371        269.699
            425        268.371        270.057
            426        268.371        269.698
            427        268.371        269.676
            428        268.371        269.848
            429        268.371        269.666
            430        268.371        268.857
            431        268.371        268.945
            432        268.371         269.17
            433        268.371        269.101
            434        268.371        269.165
            435        268.371        269.783
            436        268.371        269.389
            437        268.371        269.537
            438        268.371        269.724
            439        268.371        270.146
            440        268.371        268.925
            441        268.371        269.478
            442        268.371        269.889
            443        268.371        269.374
            444        268.371        270.195
            445        268.371        269.952
            446        268.371        269.951
            447        268.371        270.158
            448        268.371         269.69
            449        268.371         269.56
            450        268.371        269.587
            451        268.371        269.484
            452        268.371        269.303
            453        268.371        269.668
            454        268.371        269.248
            455        268.371        269.679
            456        268.371         269.64
            457        268.371        269.699
            458        268.371        268.914
            459        268.371        269.542
            460        268.371        269.287
            461        268.371        269.547
            462        268.371        270.335
            463        268.371        269.695
            464        268.371        269.453
            465        268.371        270.048
            466        268.371        269.875
            467        268.371        269.648
            468        268.371        269.668
            469        268.371        269.693
            470        268.371        269.938
            471        268.371        269.693
            472        268.371        269.727
            473        268.371        269.675
            474        268.371        269.972
            475        268.371        269.106
            476        268.371        269.587
            477        268.371        269.544
            478        268.371        269.461
            479        268.371         269.56
            480        268.371         269.08
            481        268.371        268.989
            482        268.371         269.22
            483        268.371        269.067
            484        268.371        269.506
            485        268.371        269.685
            486        268.371         269.18
            487        268.371        269.233
            488        268.371        269.796
            489        268.371        269.718
            490        268.371        269.661
            491        268.371        270.213
            492        268.371        270.188
            493        268.371        269.273
            494        268.371         269.25
            495        268.371        269.463
            496        268.371        269.595
            497        268.371        269.584
            498        268.371        269.664
            499        268.371        269.182