              0        821.491        1043.39
              1        750.489        930.485
              2        700.022        825.724
              3        651.927        754.871
              4        618.125        703.838
              5        588.981        665.249
              6        578.901        629.972
              7        567.968        606.548
              8          513.1        587.386
              9        500.103        563.607
             10        490.306        533.407
             11        468.948        512.974
             12        458.118        499.318
             13        447.914        486.485
             14        437.469        470.346
             15        430.621        454.633
             16        421.293        443.714
             17        412.701          436.9
             18        400.094        431.742
             19        394.029        420.754
             20        385.171        408.915
             21        379.504        408.104
             22        375.604        404.183
             23        371.428        395.083
             24        357.933        387.846
             25        357.846        377.779
             26         348.47        367.704
             27        344.245        362.805
             28        340.615        355.837
             29        335.062         350.18
             30        333.424        344.673
             31        329.326        340.833
             32        325.872          339.9
             33         321.84        338.714
             34         321.84        334.195
             35        321.077        328.964
             36         317.97        326.029
             37        315.883        323.294
             38        310.136        321.387
             39        306.872        318.425
             40        306.872        313.623
             41        306.872        326.772
             42        305.148        319.615
             43        304.502        313.032
             44        304.483        311.742
             45        298.378        309.404
             46        297.246        307.746
             47        296.156         304.46
             48        295.146        303.225
             49        294.584        302.007
             50        293.182        302.096
             51          292.8        301.246
             52        290.835        300.373
             53        289.825        298.616
             54        289.825        295.767
             55        289.825        292.992
             56        289.802        292.109
             57        289.669        291.401
             58        289.174        291.038
             59        288.451        290.941
             60        288.451         290.62
             61        278.037        291.722
             62        273.498        289.846
             63        273.498        283.769
             64        272.778        279.576
             65        272.778        276.085
             66        272.778        275.729
             67        272.778        274.541
             68        272.778         274.37
             69        272.778         274.87
             70        272.778        274.981
             71        272.778        274.731
             72        272.778        274.533
             73        272.778        273.783
             74        272.778        274.196
             75        272.778        273.935
             76        272.213        276.943
             77        272.213        281.137
             78        272.213        279.558
             79        271.205        277.462
             80        271.205        275.883
             81        270.784        278.553
             82        270.784        278.134
             83        270.784        276.138
             84        270.784        274.004
             85        270.784        272.337
             86        270.784        272.067
             87        270.784        271.723
             88        270.784        272.201
             89        270.784        271.749
             90        270.784        271.848
             91        270.784          272.1
             92        270.784        271.943
             93        270.784        272.072
             94        270.784        271.889
             95        270.784         272.42
             96        270.784        272.386
             97        270.784        272.851
             98        270.784        271.904
             99        270.784        272.253
            100        270.784        271.879
            101        270.784        272.318
            102        270.784        272.071
            103        270.784        272.008
            104        270.784        271.258
            105        270.784        271.346
            106        270.784        272.525
            107        270.784        272.173
            108        270.784        271.449
            109        270.784        271.476
            110        270.784        271.946
            111        270.784         271.86
            112        270.784        271.768
            113        270.784        271.471
            114        270.784        271.647
            115        270.784        272.129
            116        270.784        272.119
            117        270.784        271.766
            118        270.784        271.602
            119        270.784        271.404
            120        270.784        271.544
            121        268.936        270.625
            122        268.936        271.616
            123        268.936        271.025
            124        268.936        270.998
            125        268.936        270.886
            126        268.936        269.985
            127        268.936        270.601
            128        268.936        270.655
            129        268.936         270.79
            130        268.936        270.553
            131        268.936        270.269
            132        268.936        269.679
            133        268.936        269.878
            134        268.936        269.654
            135        268.936        273.876
            136        268.936        277.198
            137        268.936        276.414
            138        268.936        274.198
            139        268.936        272.263
            140        268.936        270.415
            141        268.452        269.702
            142        268.371        270.631
            143        268.371        272.514
            144        268.371        273.524
            145        268.371        272.083
            146        268.371        272.288
            147        268.371        271.612
            148        268.371        270.397
            149        268.371        270.361
            150        268.371        269.739
            151        268.371         270.04
            152        268.371        269.856
            153        268.371        270.009
            154        268.371         269.95
            155        268.371        270.555
            156        268.371        269.206
            157        268.371        269.412
            158        268.371        269.529
            159        268.371        269.197
            160        268.371        269.813
            161        268.371        269.175
            162        268.371        268.688
            163        268.371        269.004
            164        268.371        269.139
            165        268.371        269.513
            166        268.371        269.498
            167        268.371        269.585
            168        268.371        270.098
            169        268.371        270.861
            170        268.371        270.719
            171        268.371        270.048
            172        268.371        269.566
            173        268.371        269.233
            174        268.371         269.94
            175        268.371        270.071
            176        268.371        270.012
            177        268.371        269.782
            178        268.371         269.78
            179        268.371        269.847
            180        268.371        269.991
            181        268.371        270.385
            182        268.371        269.483
            183        268.371        269.538
            184        268.371        269.218
            185        268.371        269.265
            186        268.371        269.642
            187        268.371        269.366
            188        268.371        269.443
            189        268.371        269.266
            190        268.371        270.127
            191        268.371        269.933
            192        268.371        270.134
            193        268.371          270.1
            194        268.371        269.148
            195        268.371        269.233
            196        268.371        269.405
            197        268.371        269.804
            198        268.371        269.249
            199        268.371        269.924
            200        268.371        269.506
            201        268.371        269.919
            202        268.371        269.895
            203        268.371        270.129
            204        268.371        269.694
            205        268.371        268.995
            206        268.371        269.233
            207        268.371        269.516
            208        268.371        269.825
            209        268.371        269.197
            210        268.371        268.779
            211        268.371        269.157
            212        268.371        269.068
            213        268.371        268.976
            214        268.371        269.201
            215        268.371        269.341
            216        268.371        269.765
            217        268.371        269.891
            218        268.371        269.328
            219        268.371        269.404
            220        268.371        269.344
            221        268.371        269.469
            222        268.371        269.141
            223        268.371        269.325
            224        268.371        270.455
            225        268.371        269.706
            226        268.371        269.765
            227        268.371        269.578
            228        268.371        269.909
            229        268.371        269.115
            230        268.371        268.893
            231        268.371        268.955
            232        268.371        269.114
            233        268.371         269.91
            234        268.371        269.792
            235        268.371        269.951
            236        268.371        269.599
            237        268.371        269.505
            238        268.371        269.636
            239        268.371        269.582
            240        268.371        270.107
            241        268.371        269.418
            242        268.371        269.132
            243        268.371        269.585
            244        268.371        269.471
            245        268.371        270.398
            246        268.371        269.171
            247        268.371         269.04
            248        268.371        269.296
            249        268.371        269.492
            250        268.371        269.788
            251        268.371        269.114
            252        268.371        269.155
            253        268.371        269.093
            254        268.371        269.036
            255        268.371        270.031
            256        268.371        270.004
            257        268.371        269.477
            258        268.371        269.211
            259        268.371        268.992
            260        268.371        268.818
            261        268.371         269.07
            262        268.371        269.513
            263        268.371        270.072
            264        268.371        270.137
            265        268.371        270.243
            266        268.371        269.146
            267        268.371        269.081
            268        268.371        268.716
            269        268.371        268.511
            270        268.371        268.853
            271        268.371        268.708
            272        268.371        269.145
            273        268.371        269.577
            274        268.371        269.406
            275        268.371        269.184
            276        268.371         269.19
            277        268.371        268.926
            278        268.371        268.953
            279        268.371        269.132
            280        268.371        268.818
            281        268.371        269.654
            282        268.371        269.736
            283        268.371        269.494
            284        268.371        268.644
            285        268.371            269
            286        268.371        268.977
            287        268.371        269.759
            288        268.371        269.579
            289        268.371        269.797
            290        268.371        269.214
            291        268.371        269.228
            292        268.371        268.971
            293        268.371        269.708
            294        268.371        268.767
            295        268.371        269.496
            296        268.371         270.05
            297        268.371        270.041
            298        268.371        269.791
            299        268.371        269.667
            300        268.371        269.562
            301        268.371        268.926
            302        268.371        268.981
            303        268.371        269.725
            304        268.371        269.725
            305        268.371        269.566
            306        268.371        270.073
            307        268.371        269.576
            308        268.371        268.972
            309        268.371        269.666
            310        268.371         269.56
            311        268.371        269.056
            312        268.371        269.835
            313        268.371        270.249
            314        268.371        270.005
            315        268.371        269.067
            316        268.371        269.055
            317        268.371        269.417
            318        268.371        269.219
            319        268.371        269.043
            320        268.371        269.174
            321        268.371        269.549
            322        268.371        269.317
            323        268.371        269.367
            324        268.371         269.87
            325        268.371        269.761
            326        268.371        269.308
            327        268.371        270.039
            328        268.371        269.678
            329        268.371        269.757
            330        268.371        270.129
            331        268.371        269.914
            332        268.371        269.603
            333        268.371        269.193
            334        268.371        269.216
            335        268.371        269.663
            336        268.371         269.51
            337        268.371        269.502
            338        268.371        269.742
            339        268.371        269.283
            340        268.371        269.106
            341        268.371        268.766
            342        268.371        268.895
            343        268.371        268.552
            344        268.371        269.269
            345        268.371        269.171
            346        268.371        269.178
            347        268.371        268.855
            348        268.371        269.059
            349        268.371        269.202
            350        268.371        269.339
            351        268.371        269.478
            352        268.371        269.199
            353        268.371        269.373
            354        268.371        269.393
            355        268.371        268.862
            356        268.371        269.689
            357        268.371        269.583
            358        268.371        269.755
            359        268.371        269.075
            360        268.371        269.618
            361        268.371        270.034
            362        268.371        270.031
            363        268.371        270.256
            364        268.371         269.96
            365        268.371        269.821
            366        268.371        270.216
            367        268.371        269.834
            368        268.371        269.658
            369        268.371        269.412
            370        268.371         269.27
            371        268.371        269.757
            372        268.371        269.095
            373        268.371        269.223
            374        268.371        269.383
            375        268.371        269.628
            376        268.371        269.705
            377        268.371         270.18
            378        268.371         269.53
            379        268.371        269.522
            380        268.371        269.343
            381        268.371        269.536
            382        268.371        269.272
            383        268.371        269.452
            384        268.371         269.52
            385        268.371        269.637
            386        268.371        269.975
            387        268.371        269.795
            388        268.371        269.948
            389        268.371         269.43
            390        268.371         269.46
            391        268.371         269.26
            392        268.371        268.909
            393        268.371        268.997
            394        268.371        269.769
            395        268.371        269.419
            396        268.371        270.294
            397        268.371        269.866
            398        268.371        270.025
            399        268.371        269.691
            400        268.371        269.706
            401        268.371        269.945
            402        268.371        269.123
            403        268.371        269.282
            404        268.371        269.648
            405        268.371         269.26
            406        268.371        269.045
            407        268.371        270.335
            408        268.371        269.672
            409        268.371        269.749
            410        268.371        270.392
            411        268.371        269.419
            412        268.371        269.303
            413        268.371        269.342
            414        268.371        269.488
            415        268.371        269.075
            416        268.371        269.524
            417        268.371        269.459
            418        268.371        269.491
            419        268.371        269.107
            420        268.371         269.25
            421        268.371        269.554
            422        268.371        269.586
            423        268.371        270.158
            424        268.371        269.592
            425        268.371        268.976
            426        268.371        269.443
            427        268.371        269.149
            428        268.371         269.41
            429        268.371        269.059
            430        268.371        269.225
            431        268.371        269.083
            432        268.371        269.493
            433        268.371            269
            434        268.371        269.074
            435        268.371        269.878
            436        268.371        269.688
            437        268.371        269.066
            438        268.371        269.281
            439        268.371        270.175
            440        268.371        270.184
            441        268.371         269.74
            442        268.371        269.432
            443        268.371        269.235
            444        268.371         269.15
            445        268.371        269.616
            446        268.371         269.36
            447        268.371        268.891
            448        268.371        269.017
            449        268.371        268.938
            450        268.371        269.479
            451        268.371        270.049
            452        268.371        269.801
            453        268.371        269.375
            454        268.371        269.667
            455        268.371        269.366
            456        268.371        269.923
            457        268.371        269.393
            458        268.371        269.989
            459        268.371        269.445
            460        268.371        269.529
            461        268.371        269.355
            462        268.371        269.401
            463        268.371        269.446
            464        268.371        269.476
            465        268.371        268.801
            466        268.371        269.316
            467        268.371        269.468
            468        268.371        269.366
            469        268.371        269.355
            470        268.371        269.524
            471        268.371        269.043
            472        268.371        269.264
            473        268.371        269.372
            474        268.371        269.555
            475        268.371        269.237
            476        268.371        269.625
            477        268.371        269.619
            478        268.371        269.406
            479        268.371        269.745
            480        268.371         269.46
            481        268.371        269.626
            482        268.371        269.264
            483        268.371        269.423
            484        268.371         269.06
            485        268.371        269.479
            486        268.371        269.528
            487        268.371         269.42
            488        268.371        269.944
            489        268.371        269.137
            490        268.371         269.09
            491        268.371        269.454
            492        268.371        269.126
            493        268.371        268.963
            494        268.371        269.271
            495        268.371        269.643
            496        268.371        269.165
            497        268.371        269.689
            498        268.371        269.282
            499        268.371        269.667