              0        857.792        1044.41
              1        793.734        953.632
              2        746.262        883.655
              3        690.717        817.031
              4        645.023        758.296
              5        615.097        703.571
              6        572.989        658.963
              7        537.429        619.126
              8        525.358        582.325
              9        519.807          554.6
             10        503.796        540.704
             11        477.573        529.827
             12        455.693        511.476
             13        439.589        486.728
             14        434.099        464.373
             15        426.727        449.124
             16        417.954        440.882
             17        411.009        432.896
             18        403.532        423.105
             19        396.291        414.426
             20        379.504        407.239
             21         386.82        414.033
             22        379.161        406.317
             23        374.407        396.639
             24         368.78        389.264
             25        364.026        382.949
             26          362.4        376.293
             27        359.146         368.65
             28        351.503        366.207
             29        350.538        365.817
             30        348.169        365.747
             31        342.729        363.251
             32        340.832        362.234
             33        338.146        359.168
             34        336.705        354.038
             35        334.018         348.89
             36        333.561        343.767
             37        332.703        339.495
             38        332.022        337.662
             39        331.346        336.212
             40        330.557        339.634
             41        299.238        329.783
             42        297.942        315.813
             43        297.942        306.769
             44        296.948        302.764
             45        296.948        300.061
             46        296.948        299.523
             47        293.594        299.379
             48        293.594        298.858
             49        293.325        297.132
             50        293.325        296.233
             51        293.325        295.091
             52         293.21        294.051
             53         293.21        294.467
             54         293.21        295.604
             55         293.21        294.578
             56         293.21        294.623
             57         293.21        294.438
             58         293.21        294.738
             59         293.21        293.849
             60         293.21        293.842
             61        290.889        294.556
             62        290.889        295.011
             63        285.546          293.9
             64        284.536        291.716
             65        284.536        288.496
             66        282.572        286.931
             67        282.572        285.683
             68        282.141            284
             69        282.141        283.507
             70        282.141        283.566
             71        282.141        283.052
             72        282.141        283.328
             73        282.141        283.138
             74        282.141        282.559
             75        281.576        283.066
             76        281.576        282.683
             77        281.576        282.925
             78        281.576        282.561
             79        281.576        281.975
             80        281.576        282.013
             81        272.377        277.135
             82        272.377        277.691
             83        272.377        276.034
             84        272.377        274.831
             85        272.377        274.688
             86        272.377        273.218
             87         272.02        273.392
             88         272.02        273.919
             89         272.02        273.358
             90         272.02        273.178
             91        271.413        273.163
             92        271.184        273.422
             93        271.184        272.912
             94        271.184        273.245
             95        271.184         273.39
             96        271.184        273.097
             97        271.184        272.918
             98        271.184         273.04
             99        271.103        272.002
            100        271.103        273.822
            101        270.538        274.336
            102        270.538        273.144
            103        270.538        272.372
            104        268.371        272.341
            105        268.371        273.234
            106        268.371        274.562
            107        268.371        273.378
            108        268.371        270.718
            109        268.371        270.319
            110        268.371        270.095
            111        268.371        270.919
            112        268.371         269.89
            113        268.371        269.174
            114        268.371        269.482
            115        268.371        269.425
            116        268.371        269.687
            117        268.371        269.753
            118        268.371         269.99
            119        268.371        269.265
            120        268.371        269.761
            121        268.371        271.441
            122        268.371        274.828
            123        268.371        274.093
            124        268.371        272.848
            125        268.371        270.918
            126        268.371        270.519
            127        268.371        270.215
            128        268.371         269.69
            129        268.371        269.698
            130        268.371        269.039
            131        268.371        273.133
            132        268.371         277.07
            133        268.371        276.478
            134        268.371        274.567
            135        268.371         271.78
            136        268.371         270.52
            137        268.371        270.514
            138        268.371        269.421
            139        268.371        269.641
            140        268.371        269.111
            141        268.371        269.921
            142        268.371        274.475
            143        268.371        274.169
            144        268.371        271.909
            145        268.371         270.04
            146        268.371        270.459
            147        268.371        270.507
            148        268.371         270.24
            149        268.371          269.4
            150        268.371        268.824
            151        268.371        269.195
            152        268.371        268.856
            153        268.371        269.268
            154        268.371          269.5
            155        268.371        268.827
            156        268.371        269.669
            157        268.371        269.572
            158        268.371        269.905
            159        268.371        269.266
            160        268.371        269.401
            161        268.371        269.395
            162        268.371        269.849
            163        268.371        269.886
            164        268.371         269.15
            165        268.371        268.769
            166        268.371        269.858
            167        268.371        269.275
            168        268.371        269.063
            169        268.371        270.128
            170        268.371        269.731
            171        268.371        269.954
            172        268.371        270.104
            173        268.371        269.689
            174        268.371        269.914
            175        268.371        269.681
            176        268.371        269.696
            177        268.371        270.177
            178        268.371        270.437
            179        268.371        271.171
            180        268.371        270.113
            181        268.371         269.43
            182        268.371        268.909
            183        268.371        269.324
            184        268.371        270.187
            185        268.371        270.118
            186        268.371        269.443
            187        268.371        269.146
            188        268.371        269.073
            189        268.371        269.528
            190        268.371        269.706
            191        268.371        269.543
            192        268.371         269.71
            193        268.371        269.513
            194        268.371        269.657
            195        268.371        269.601
            196        268.371        269.579
            197        268.371        269.428
            198        268.371        270.027
            199        268.371        269.468
            200        268.371        268.949
            201        268.371        268.958
            202        268.371        269.952
            203        268.371        269.524
            204        268.371        269.338
            205        268.371        269.299
            206        268.371        269.347
            207        268.371        269.596
            208        268.371        269.556
            209        268.371        269.214
            210        268.371        269.448
            211        268.371        269.429
            212        268.371        270.006
            213        268.371        269.842
            214        268.371         269.25
            215        268.371        268.911
            216        268.371        269.846
            217        268.371         269.97
            218        268.371        269.809
            219        268.371        269.967
            220        268.371        269.584
            221        268.371        269.761
            222        268.371        270.013
            223        268.371        269.994
            224        268.371        269.565
            225        268.371        270.141
            226        268.371        270.448
            227        268.371        270.199
            228        268.371        269.937
            229        268.371        269.889
            230        268.371        269.673
            231        268.371        269.376
            232        268.371        269.201
            233        268.371        269.615
            234        268.371        269.322
            235        268.371        269.744
            236        268.371         269.37
            237        268.371        269.877
            238        268.371        269.389
            239        268.371        269.674
            240        268.371        269.836
            241        268.371        269.245
            242        268.371         269.26
            243        268.371        269.616
            244        268.371        269.843
            245        268.371        269.686
            246        268.371         269.28
            247        268.371        269.843
            248        268.371        269.444
            249        268.371        270.153
            250        268.371        269.981
            251        268.371        269.178
            252        268.371        269.429
            253        268.371        268.871
            254        268.371        269.187
            255        268.371        268.885
            256        268.371         269.08
            257        268.371        268.975
            258        268.371        269.112
            259        268.371        269.413
            260        268.371        269.048
            261        268.371        269.781
            262        268.371        270.724
            263        268.371        270.611
            264        268.371        270.231
            265        268.371        269.959
            266        268.371        270.139
            267        268.371        269.412
            268        268.371        269.175
            269        268.371        269.718
            270        268.371        270.131
            271        268.371        270.355
            272        268.371        270.221
            273        268.371        269.952
            274        268.371         269.62
            275        268.371        269.651
            276        268.371        269.239
            277        268.371        269.377
            278        268.371        269.686
            279        268.371        270.318
            280        268.371        270.064
            281        268.371        269.788
            282        268.371         269.03
            283        268.371         269.98
            284        268.371        270.181
            285        268.371        269.957
            286        268.371        269.647
            287        268.371        269.505
            288        268.371        269.125
            289        268.371        269.332
            290        268.371         269.78
            291        268.371        269.106
            292        268.371        268.842
            293        268.371        269.285
            294        268.371        269.456
            295        268.371        269.404
            296        268.371        269.057
            297        268.371        270.017
            298        268.371        269.749
            299        268.371        270.305
            300        268.371        269.933
            301        268.371        270.264
            302        268.371        269.691
            303        268.371        270.162
            304        268.371        269.929
            305        268.371        269.563
            306        268.371        269.991
            307        268.371        269.799
            308        268.371        268.733
            309        268.371        268.805
            310        268.371        269.034
            311        268.371        269.239
            312        268.371        269.088
            313        268.371        269.556
            314        268.371        269.637
            315        268.371        269.187
            316        268.371         269.79
            317        268.371         269.37
            318        268.371        268.776
            319        268.371        269.017
            320        268.371        268.879
            321        268.371        269.694
            322        268.371        269.131
            323        268.371        268.872
            324        268.371        269.338
            325        268.371        269.481
            326        268.371        269.319
            327        268.371        269.397
            328        268.371        269.167
            329        268.371        269.673
            330        268.371        270.192
            331        268.371        270.177
            332        268.371        269.862
            333        268.371        269.178
            334        268.371        269.115
            335        268.371        269.444
            336        268.371        269.062
            337        268.371        269.654
            338        268.371        269.443
            339        268.371        269.701
            340        268.371        269.081
            341        268.371        269.399
            342        268.371        270.009
            343        268.371        269.348
            344        268.371        269.831
            345        268.371        270.027
            346        268.371        270.015
            347        268.371        269.497
            348        268.371        269.884
            349        268.371        269.351
            350        268.371        269.688
            351        268.371         269.74
            352        268.371        269.763
            353        268.371        269.563
            354        268.371         269.78
            355        268.371        269.311
            356        268.371        269.497
            357        268.371        269.081
            358        268.371        269.087
            359        268.371        269.277
            360        268.371        269.446
            361        268.371        269.203
            362        268.371        269.385
            363        268.371        269.243
            364        268.371        269.256
            365        268.371        269.518
            366        268.371        269.162
            367        268.371        269.061
            368        268.371        269.644
            369        268.371        270.369
            370        268.371        269.962
            371        268.371        269.495
            372        268.371        269.746
            373        268.371        269.701
            374        268.371        269.161
            375        268.371        269.049
            376        268.371        269.175
            377        268.371        268.968
            378        268.371          269.3
            379        268.371        269.554
            380        268.371        270.137
            381        268.371        269.564
            382        268.371        269.677
            383        268.371        269.743
            384        268.371        269.758
            385        268.371        268.971
            386        268.371        269.712
            387        268.371        269.143
            388        268.371        269.063
            389        268.371        269.185
            390        268.371        269.181
            391        268.371        269.149
            392        268.371        269.444
            393        268.371        269.894
            394        268.371        270.454
            395        268.371        269.641
            396        268.371        269.645
            397        268.371        269.936
            398        268.371         269.48
            399        268.371        269.033
            400        268.371        269.434
            401        268.371        269.782
            402        268.371        270.046
            403        268.371        269.955
            404        268.371          269.4
            405        268.371        270.015
            406        268.371        269.393
            407        268.371          269.8
            408        268.371        269.755
            409        268.371        269.948
            410        268.371         270.86
            411        268.371        269.967
            412        268.371         270.16
            413        268.371        270.431
            414        268.371        269.708
            415        268.371        269.807
            416        268.371        270.268
            417        268.371        269.203
            418        268.371        270.164
            419        268.371        269.535
            420        268.371         269.62
            421        268.371        269.053
            422        268.371        268.929
            423        268.371        269.192
            424        268.371        268.998
            425        268.371        270.273
            426        268.371        270.498
            427        268.371        269.921
            428        268.371        269.958
            429        268.371        269.729
            430        268.371        270.075
            431        268.371        270.309
            432        268.371        269.854
            433        268.371        270.003
            434        268.371        269.959
            435        268.371        270.035
            436        268.371        269.987
            437        268.371        269.641
            438        268.371        269.269
            439        268.371        269.625
            440        268.371        269.451
            441        268.371        269.851
            442        268.371        269.182
            443        268.371         269.81
            444        268.371        269.927
            445        268.371        269.562
            446        268.371        269.266
            447        268.371        269.198
            448        268.371        269.779
            449        268.371        269.419
            450        268.371         269.21
            451        268.371        269.097
            452        268.371        268.887
            453        268.371        268.861
            454        268.371        269.164
            455        268.371        269.624
            456        268.371        269.683
            457        268.371        269.457
            458        268.371        269.643
            459        268.371        269.636
            460        268.371        269.711
            461        268.371         269.93
            462        268.371        269.807
            463        268.371        269.168
            464        268.371        269.132
            465        268.371        269.053
            466        268.371        269.104
            467        268.371        269.387
            468        268.371        269.623
            469        268.371         269.07
            470        268.371        269.117
            471        268.371        268.895
            472        268.371        269.246
            473        268.371        269.479
            474        268.371         270.69
            475        268.371        269.991
            476        268.371        269.651
            477        268.371        269.291
            478        268.371        269.378
            479        268.371        269.161
            480        268.371        268.843
            481        268.371        269.317
            482        268.371        269.421
            483        268.371        269.328
            484        268.371        269.317
            485        268.371        269.996
            486        268.371        270.545
            487        268.371        269.515
            488        268.371        269.216
            489        268.371         269.67
            490        268.371        269.051
            491        268.371        268.959
            492        268.371        269.513
            493        268.371        269.656
            494        268.371        269.808
            495        268.371        269.975
            496        268.371        269.406
            497        268.371        269.145
            498        268.371        269.299
            499        268.371        269.496