              0        857.792        1044.41
              1        793.734        953.632
              2        746.262        883.655
              3        690.717        817.031
              4        645.023        758.296
              5        615.097        703.571
              6        572.989        658.963
              7        537.429        619.126
              8        525.358        582.325
              9        519.807          554.6
             10        503.796        540.704
             11        477.573        529.827
             12        455.693        511.476
             13        439.589        486.728
             14        434.099        464.373
             15        426.727        449.124
             16        417.954        440.882
             17        411.009        432.896
             18        403.532        423.105
             19        396.291        414.426
             20        379.504        407.239
             21        376.354        402.042
             22        373.433        395.739
             23         368.29        387.751
             24        364.797        382.131
             25        353.239        375.366
             26        347.686        369.691
             27         343.35        360.097
             28        338.098        355.857
             29        336.425        350.288
             30        336.008        345.324
             31        329.454        340.464
             32        326.691        337.067
             33        324.894        333.216
             34        315.103          330.1
             35        313.566        325.983
             36        304.792        320.537
             37        303.186        315.623
             38        302.929        310.793
             39        302.929        307.533
             40        302.929        305.661
             41        302.929        304.468
             42        297.029        303.879
             43        297.029        304.276
             44        296.772        303.363
             45        295.749        301.503
             46        294.828        300.221
             47        293.347        301.208
             48         292.77        301.441
             49        290.367         299.57
             50        290.367         296.45
             51        289.297        293.935
             52        289.297        291.735
             53         284.05        290.764
             54        281.924        290.517
             55        281.924        288.471
             56        281.924        286.891
             57        281.924        285.109
             58        281.924        283.909
             59        280.031        282.553
             60        280.031        282.028
             61        280.031        281.998
             62        280.031        281.422
             63        280.031         281.34
             64        280.031        281.118
             65        280.031        280.668
             66        279.466        280.873
             67        279.466        280.845
             68        279.466        280.249
             69        279.466        280.382
             70        279.466        284.829
             71        279.466        289.813
             72        279.466        289.106
             73        279.466        285.989
             74        279.466         282.36
             75        279.466        281.472
             76        279.466        280.341
             77        279.466        280.579
             78        279.466        280.221
             79        279.466        279.814
             80        279.466        279.839
             81        279.466        280.262
             82        279.466        281.066
             83        279.466        280.695
             84        279.466         280.66
             85        279.466        281.158
             86        279.466        280.118
             87        279.466        280.494
             88        279.466        281.125
             89        279.466        280.758
             90        279.466        280.688
             91        277.299        280.666
             92        277.299        282.794
             93        277.299        283.415
             94        277.299        282.647
             95        277.299        281.026
             96        275.217        280.103
             97        275.217        279.686
             98        275.217         278.89
             99        275.217        277.394
            100        275.217        276.091
            101        275.217        276.184
            102        275.217        276.083
            103        275.217        276.207
            104        275.217        276.697
            105        275.217         276.09
            106        273.564        276.531
            107        273.564        276.489
            108        273.564        274.941
            109        273.564        275.022
            110        273.564        275.098
            111        273.564         275.72
            112        273.564        274.741
            113        273.564        274.226
            114        273.564        274.711
            115        273.564        274.775
            116        273.564        274.982
            117        273.564        275.098
            118        273.564        275.367
            119        273.564        274.419
            120        273.564        274.646
            121        273.564          274.1
            122        273.564        274.247
            123        273.564        274.264
            124        273.564        274.487
            125        273.564        274.344
            126        273.564        274.814
            127        273.564        274.847
            128        273.564        274.508
            129        273.564        274.686
            130        273.564        274.152
            131        273.564        278.353
            132        273.564        282.898
            133        273.564        282.234
            134        273.564        279.677
            135        273.564        276.838
            136        273.564        275.668
            137        273.564        275.823
            138        273.564        274.591
            139        273.564        274.791
            140        273.564        274.383
            141        273.564        274.454
            142        273.564         274.77
            143        273.564         274.93
            144        273.564         274.67
            145        273.564         274.15
            146        273.564        274.675
            147        273.564         275.09
            148        273.564        274.852
            149        273.564        274.344
            150        273.564        273.898
            151        273.564        274.321
            152        273.564        273.978
            153        273.564        274.254
            154        273.564        274.688
            155        273.564        273.882
            156        273.564        274.876
            157        273.564        274.854
            158        273.564        275.245
            159        273.564        274.391
            160        273.564        274.746
            161        273.564        274.592
            162        273.564        275.067
            163        273.564        275.113
            164        273.564        274.328
            165        273.564        273.846
            166        273.564        274.905
            167        273.564        274.351
            168        273.564        274.232
            169        273.564        275.238
            170        273.564         274.72
            171        273.564        274.904
            172        273.564        274.971
            173        273.564        275.055
            174        273.564        274.837
            175        273.564        274.698
            176        273.564        274.954
            177        273.564        275.525
            178        273.564        275.539
            179        273.564        276.244
            180        273.564         275.41
            181        273.564         274.83
            182        273.564        274.236
            183        273.564        274.516
            184        273.564        275.195
            185        273.564        275.076
            186        273.564        274.495
            187        273.564        274.386
            188        273.564        274.093
            189        273.564         274.56
            190        273.564        274.847
            191        273.564        274.659
            192        273.564        274.743
            193        273.564        274.835
            194        273.564        275.083
            195        273.564        274.833
            196        273.564        274.766
            197        273.564        274.489
            198        273.564        274.995
            199        273.564        274.776
            200        273.564        274.127
            201        273.564        273.992
            202        273.564        274.897
            203        273.564        274.723
            204        273.564        274.755
            205        273.564        274.725
            206        273.564        274.656
            207        273.564        274.718
            208        273.564        274.617
            209        273.564        274.263
            210        273.564        274.481
            211        273.564        274.594
            212        273.564        274.958
            213        273.564         274.66
            214        273.564         274.27
            215        273.564        274.097
            216        273.564        274.918
            217        273.564        274.987
            218        273.564        274.767
            219        273.564        275.114
            220        273.564        274.702
            221        273.564        274.832
            222        273.564        275.304
            223        273.564        275.259
            224        273.564        274.696
            225        273.564        275.336
            226        273.564        275.625
            227        273.564        275.239
            228        273.564        275.064
            229        273.564        275.048
            230        273.564        275.009
            231        273.564        274.461
            232        273.564        274.422
            233        273.564        274.802
            234        273.564        274.617
            235        273.564        274.861
            236        273.564        274.404
            237        273.564        275.057
            238        273.564        274.578
            239        273.564         274.76
            240        273.564         274.85
            241        273.564        274.408
            242        273.564         274.43
            243        273.564        274.484
            244        273.564        274.967
            245        273.564         274.87
            246        273.564        274.578
            247        273.564        274.885
            248        273.564        274.536
            249        273.564        275.174
            250        273.564        274.811
            251        273.564        274.065
            252        273.564        274.519
            253        273.564        274.092
            254        273.564        274.246
            255        273.564        274.044
            256        273.564        274.146
            257        273.564        274.221
            258        273.564        274.305
            259        273.564        274.363
            260        273.564        274.048
            261        273.564        274.817
            262        273.564        275.598
            263        273.564        275.557
            264        273.564        275.401
            265        273.564        275.055
            266        273.564        275.341
            267        273.564        274.773
            268        273.564         274.35
            269        273.564         275.06
            270        273.564        275.418
            271        273.564        275.555
            272        273.564        275.622
            273        273.564        275.309
            274        273.564        275.076
            275        273.564        274.838
            276        273.564        274.298
            277        273.564        274.447
            278        273.564         274.82
            279        273.564        275.586
            280        273.564         274.88
            281        273.564        274.657
            282        273.564        274.069
            283        273.564         275.15
            284        273.564        275.271
            285        273.564        274.994
            286        273.564        274.812
            287        273.564        274.702
            288        273.564        274.261
            289        273.564        274.465
            290        273.564        274.876
            291        273.564        274.401
            292        273.564        273.965
            293        273.564        274.253
            294        273.564        274.639
            295        273.564        274.477
            296        273.564        274.245
            297        273.564        274.924
            298        273.564        274.875
            299        273.564        275.402
            300        273.564        275.215
            301        273.564        275.253
            302        273.564        274.975
            303        273.564        275.603
            304        273.564         275.37
            305        273.564        274.826
            306        273.564        275.169
            307        273.564        275.113
            308        273.564        273.965
            309        273.564        273.993
            310        273.564        274.383
            311        273.564        274.445
            312        273.564        274.567
            313        273.564        274.733
            314        273.564        274.921
            315        273.483        274.359
            316        273.483        276.772
            317        273.483          278.2
            318        273.483        277.131
            319        273.483        276.702
            320        273.483        275.323
            321        273.483        276.006
            322        273.483        274.562
            323        273.483        274.138
            324        273.483        274.419
            325        273.483        274.485
            326        273.483        274.543
            327        273.483        274.491
            328        273.483         274.36
            329        273.483        274.855
            330        273.483        275.366
            331        273.483        275.308
            332        273.483        275.042
            333        273.483        274.209
            334        273.483        274.188
            335        273.483        274.453
            336        273.483        274.115
            337        273.483        274.764
            338        273.483         274.85
            339        273.483        275.087
            340        273.483        274.317
            341        273.483        274.332
            342        273.483        275.046
            343        273.483        274.505
            344        273.483        274.947
            345        273.483        275.312
            346        273.483        275.294
            347        273.483        274.704
            348        273.483        275.056
            349        273.483        274.446
            350        273.483        274.788
            351        273.483        274.782
            352        273.483        274.708
            353        273.483         274.77
            354        273.483        274.897
            355        273.483        274.478
            356        273.483        274.824
            357        273.483        274.287
            358        273.483        274.209
            359        273.483        274.466
            360        273.483        274.501
            361        273.483         274.18
            362        273.483        274.292
            363        273.483        274.426
            364        273.483        274.278
            365        273.483        274.609
            366        273.483        274.259
            367        273.483        274.325
            368        273.483        274.868
            369        273.483        275.672
            370        273.483        275.052
            371        273.483        274.558
            372        273.483        274.609
            373        273.483        274.805
            374        273.483        274.285
            375        273.483        274.257
            376        273.483         274.29
            377        273.483         274.04
            378        273.483        274.335
            379        273.483        274.597
            380        273.483        275.306
            381        273.483        274.594
            382        273.483        274.754
            383        273.483        275.012
            384        273.483        274.865
            385        273.483        274.311
            386        273.483        275.194
            387        273.483        274.543
            388        273.483        274.323
            389        273.483        274.552
            390        273.483        274.638
            391        273.483        274.284
            392        273.483        274.499
            393        273.483        274.853
            394        273.483        275.412
            395        273.483        274.712
            396        273.483        274.539
            397        273.483        274.832
            398        273.483        274.533
            399        273.483        274.105
            400        273.483        274.405
            401        273.483        274.848
            402        273.483        275.077
            403        273.483        275.201
            404        273.483        274.551
            405        273.483        275.039
            406        273.483        274.463
            407        273.483         274.85
            408        273.483        274.847
            409        273.483        274.923
            410        273.483        275.847
            411        273.483        274.863
            412        273.483        275.182
            413        273.483        275.399
            414        273.483        274.775
            415        273.483        274.762
            416        273.483        275.116
            417        273.483        274.229
            418        273.483        275.117
            419        273.483        274.638
            420        273.483        274.695
            421        273.483        274.036
            422        273.483        274.029
            423        273.483        274.329
            424        273.483        274.124
            425        273.483         275.37
            426        273.483        275.465
            427        273.483         274.97
            428        273.483        275.021
            429        273.483         274.83
            430        273.483        275.198
            431        273.483        275.572
            432        273.483        275.183
            433        273.483        275.063
            434        273.483        275.062
            435        273.483        274.976
            436        273.483        274.852
            437        273.483        274.582
            438        273.483        274.379
            439        273.483        274.641
            440        273.483        274.706
            441        273.483        275.176
            442        273.483        274.342
            443        273.483         274.87
            444        273.483         274.99
            445        273.483        274.523
            446        273.483        274.278
            447        273.483         274.45
            448        273.483        274.925
            449        273.483        274.506
            450        273.483        274.141
            451        273.483        274.354
            452        273.483        274.236
            453        273.483        274.033
            454        273.483        274.193
            455        273.483        274.563
            456        273.483        274.658
            457        273.483        274.802
            458        273.483        274.695
            459        273.483        274.695
            460        273.483        274.817
            461        273.483        275.019
            462        273.483        274.988
            463        273.483        274.394
            464        273.483        274.316
            465        273.483        274.257
            466        273.483        274.278
            467        273.483        274.447
            468        273.483        274.688
            469        273.483        274.266
            470        273.483        274.356
            471        273.483        274.132
            472        273.483        274.606
            473        273.483        274.817
            474        273.483        275.686
            475        273.483        274.991
            476        273.483        274.715
            477        273.483         274.45
            478        273.483        274.377
            479        273.483        274.164
            480        273.483        273.878
            481        273.483        274.328
            482        273.483        274.499
            483        273.483        274.393
            484        273.483        274.361
            485        273.483        274.891
            486        273.483        275.543
            487        273.483        274.617
            488        273.483          274.4
            489        273.483        274.853
            490        273.483        274.155
            491        273.483        273.996
            492        273.483        274.488
            493        273.483        274.747
            494        273.483        274.997
            495        273.483        275.147
            496        273.483        274.683
            497        273.483         274.35
            498        273.483        274.416
            499        273.483        274.781