              0        819.028        1044.06
              1        755.613        943.044
              2        674.678        839.335
              3        636.716        765.096
              4        613.553        687.539
              5        577.581        649.202
              6        561.218        618.944
              7        541.293        589.857
              8        520.714        567.879
              9         512.32        549.232
             10        499.533        532.964
             11        485.218        520.029
             12        475.854        512.344
             13        470.673        504.802
             14        461.892        499.215
             15        448.111        489.829
             16        436.387        476.806
             17        427.416        459.661
             18        415.957        445.661
             19        398.062        434.002
             20         386.71        419.564
             21        385.665        406.644
             22         378.02        395.444
             23        370.711        390.136
             24         367.13        383.522
             25        366.863        377.633
             26        358.068        372.584
             27        349.771        369.796
             28        346.344          365.4
             29        339.992        360.755
             30        338.222        355.445
             31        332.289        347.717
             32        331.638        345.021
             33        330.642        342.379
             34         329.49        337.348
             35        328.502        336.842
             36        327.191        335.333
             37        323.252        333.867
             38        320.952        331.304
             39        318.895        327.549
             40        318.683        326.056
             41        314.663        325.961
             42        312.688        323.941
             43        309.197        321.535
             44        307.417        317.879
             45        305.793        316.909
             46        305.793        318.017
             47        304.681        316.638
             48        304.304        313.781
             49        304.304         309.37
             50        303.532        307.472
             51        303.199        306.687
             52        300.093        306.695
             53        300.093        305.636
             54        299.216        304.416
             55        299.216        302.623
             56        293.269        301.724
             57        293.269        303.958
             58        293.269        303.089
             59        292.224        299.657
             60        292.224        297.795
             61        290.689        295.199
             62        290.689        293.547
             63        290.689        292.874
             64        290.034        292.259
             65        285.269        291.776
             66          284.5        290.803
             67          284.5        289.034
             68        284.463        286.987
             69        282.743        285.735
             70        282.743         285.21
             71        282.743        283.913
             72        282.743        283.508
             73        282.743        283.904
             74        282.743        283.819
             75        282.743        283.431
             76        282.743         283.75
             77        282.743        283.473
             78        282.743        283.664
             79        282.743        283.346
             80        282.743        283.184
             81        282.743        286.672
             82        282.743        291.482
             83        282.743        290.796
             84        282.743        288.053
             85        282.743        286.164
             86        282.743        284.738
             87        282.743        284.054
             88        282.743        283.929
             89        282.743        283.289
             90        282.743        283.212
             91        282.743        283.625
             92        282.743        283.241
             93        282.743        283.614
             94        282.743        283.719
             95        282.743        283.784
             96        282.743        283.861
             97        282.743        283.966
             98        282.743        283.783
             99        282.743        283.478
            100        282.743         283.17
            101        282.743        283.182
            102        282.743        283.622
            103        282.743        283.563
            104        282.743        283.959
            105        282.743        283.388
            106        282.743        283.595
            107        282.743        284.047
            108        282.743        283.978
            109        282.743        283.997
            110        282.743        284.113
            111        282.743        284.083
            112        282.743        284.104
            113        280.887        284.644
            114        280.887        284.299
            115        280.195        283.439
            116        279.708        282.374
            117        279.708         281.98
            118         279.07         281.68
            119         279.07        281.256
            120        277.672        280.204
            121        277.672        280.445
            122        277.672        279.196
            123        277.672        279.166
            124        277.672        278.993
            125        277.672        278.603
            126        277.672        278.791
            127        277.672        278.225
            128        277.672        279.241
            129        277.672        278.982
            130        277.672        278.501
            131        277.672        278.488
            132        277.672        277.944
            133        277.672        277.933
            134        277.672        278.707
            135        277.672        278.918
            136        277.672         279.53
            137        277.672        279.141
            138        277.672        279.003
            139        277.672         278.95
            140        277.672        278.526
            141        277.672        279.164
            142        277.672        278.851
            143        277.672        278.942
            144        277.672        279.073
            145        277.672        279.013
            146        277.672        279.017
            147        277.672        279.009
            148        277.672            279
            149        277.672        279.082
            150        277.672        279.498
            151        277.672        279.529
            152        277.672        278.885
            153        277.672        278.941
            154        277.672        279.192
            155        277.672         279.19
            156        277.672        278.839
            157        277.672        278.594
            158        277.672        278.618
            159        277.672        279.091
            160        277.672        278.349
            161        277.672        279.007
            162        277.672        279.807
            163        277.672         279.09
            164        277.672        279.367
            165        277.672        278.891
            166        277.672        279.199
            167        277.672        278.682
            168        277.672        278.745
            169        277.672        278.202
            170        277.672        278.042
            171        277.672        278.508
            172        277.672         278.16
            173        277.672        278.217
            174        277.672        278.572
            175        277.672        278.757
            176        277.672        279.042
            177        277.672        278.845
            178        277.672        279.143
            179        277.672        279.519
            180        277.672        279.137
            181        277.672        278.814
            182        277.672        278.588
            183        277.672        278.986
            184        277.672        278.914
            185        277.672        278.219
            186        277.672        278.803
            187        277.672        278.689
            188        277.672        278.721
            189        277.672         279.42
            190        277.672        279.175
            191        277.672        278.807
            192        277.672        279.089
            193        277.672        278.936
            194        277.672        279.178
            195        277.672        279.118
            196        277.672        278.889
            197        277.672        278.868
            198        277.672        278.438
            199        277.672        278.324
            200        277.672        278.504
            201        277.672        278.461
            202        277.672        278.249
            203        277.672        278.776
            204        277.672        278.227
            205        277.672        278.381
            206        277.672        278.666
            207        277.672         278.67
            208        277.672        278.649
            209        277.672         278.46
            210        277.672         278.05
            211        277.672         278.54
            212        277.672         278.56
            213        277.672        278.027
            214        277.672        278.184
            215        277.672        278.037
            216        277.672        278.724
            217        277.672        278.564
            218        277.672        278.988
            219        277.672        278.719
            220        277.672         278.52
            221        277.672        278.066
            222        277.672        278.323
            223        277.672        278.989
            224        277.672        279.855
            225        277.672        279.531
            226        277.672        279.347
            227        277.672        278.734
            228        277.672        278.344
            229        277.672        278.816
            230        277.672        278.719
            231        277.672         279.03
            232        277.672        278.607
            233        277.672        278.822
            234        277.672        278.591
            235        277.672        278.567
            236        277.672         278.49
            237        277.672        278.413
            238        277.672        278.958
            239        277.672        278.431
            240        277.672        278.923
            241        277.672        278.029
            242        277.672        278.484
            243        277.672        278.895
            244        277.672         278.36
            245        277.672        278.247
            246        277.672        278.716
            247        277.672        278.413
            248        277.672        278.149
            249        277.672        278.489
            250        277.032        278.222
            251        277.032        279.111
            252        277.032         278.94
            253        277.032        278.554
            254        275.474        277.967
            255        275.474        277.206
            256        275.474        276.978
            257        275.474        276.502
            258        275.474        276.196
            259        275.474        276.358
            260        275.474        276.333
            261        275.474        276.386
            262        275.474        276.141
            263        275.474        276.141
            264        275.474        276.074
            265        275.474        276.563
            266        275.474        276.466
            267        275.474         276.13
            268        275.474        276.371
            269        275.474        276.475
            270        275.474        276.735
            271        275.474        276.681
            272        275.474        276.275
            273        275.474        276.093
            274        275.474        276.394
            275        275.474        276.487
            276        275.474        276.755
            277        275.474        276.642
            278        275.474        276.006
            279        275.474        276.277
            280        275.474        276.169
            281        275.474        276.048
            282        275.474         276.13
            283        275.474        275.908
            284        275.474        276.075
            285        275.474        276.358
            286        275.474        276.588
            287        275.474        276.696
            288        275.474         276.57
            289        275.474        276.509
            290        275.474        276.634
            291        275.474        276.359
            292        275.474        276.821
            293        275.474        276.362
            294        275.474        276.471
            295        275.393        276.761
            296        275.393        278.398
            297        275.393        278.878
            298        275.393        277.877
            299        275.393        278.695
            300        275.393        278.013
            301        275.393        277.945
            302        275.393        276.653
            303        275.393        276.867
            304        275.393        276.437
            305        275.393        276.375
            306        275.393        276.209
            307        275.393        276.832
            308        275.393        276.451
            309        275.393        276.653
            310        275.393        275.921
            311        275.393        276.165
            312        275.393        276.714
            313        275.393         276.72
            314        275.393        276.264
            315        275.393        276.226
            316        275.393        276.693
            317        275.393        277.122
            318        275.393        276.931
            319        275.393        276.682
            320        275.393         276.58
            321        275.393        276.431
            322        275.393        277.384
            323        275.393        276.708
            324        275.393        276.683
            325        275.393         276.27
            326        275.393        275.842
            327        275.393        276.135
            328        275.393         276.49
            329        275.393        276.394
            330        275.393        276.681
            331        275.393        276.819
            332        275.393        276.469
            333        275.393        276.497
            334        275.393        276.465
            335        275.393          276.5
            336        275.393        276.535
            337        275.393        276.786
            338        275.393        276.418
            339        275.393        276.521
            340        275.393        276.503
            341        275.393        276.829
            342        275.393        276.508
            343        275.393        276.521
            344        275.393        276.564
            345        275.393        276.117
            346        275.393        276.534
            347        275.393        276.371
            348        275.393        276.045
            349        275.393        276.373
            350        275.393        276.398
            351        275.393        276.252
            352        275.393        276.855
            353        275.393        276.087
            354        275.393        276.819
            355        275.393        276.636
            356        275.393        276.129
            357        275.393        276.154
            358        275.393        276.511
            359        275.393        276.397
            360        275.393        276.069
            361        275.393        275.981
            362        275.393        276.201
            363        275.393        276.277
            364        275.393        276.308
            365        275.393        276.901
            366        275.393        276.887
            367        275.393        276.608
            368        275.393        276.441
            369        275.393        275.958
            370        275.393        275.958
            371        275.393        277.022
            372        275.393        276.599
            373        275.393        276.425
            374        275.393        276.754
            375        275.393        276.633
            376        275.393        276.832
            377        275.393        276.233
            378        275.393        276.771
            379        275.393        276.428
            380        275.393        276.661
            381        275.393        276.471
            382        275.393        276.838
            383        275.393        276.721
            384        275.393        276.991
            385        275.393        276.674
            386        275.393        276.477
            387        275.393        276.077
            388        275.393          276.5
            389        275.393        276.734
            390        275.393        276.471
            391        275.393        277.019
            392        275.393        276.361
            393        275.393        275.727
            394        275.393        275.796
            395        275.393        276.007
            396        275.393         276.03
            397        275.393        275.956
            398        275.393        276.517
            399        275.393        276.889
            400        275.393        276.399
            401        275.393        276.682
            402        275.393        276.478
            403        275.393        276.636
            404        275.393        276.258
            405        275.393        276.403
            406        275.393        276.497
            407        275.393        276.252
            408        275.393        276.599
            409        275.393        275.787
            410        275.393        276.442
            411        275.393        276.453
            412        275.393        276.217
            413        275.393        276.009
            414        275.393        276.653
            415        275.393        276.792
            416        275.393        276.676
            417        275.393        276.417
            418        275.393        277.119
            419        275.393         276.93
            420        275.393        277.594
            421        275.393        277.159
            422        275.393        275.841
            423        275.393        276.371
            424        275.393        276.593
            425        275.393        276.655
            426        275.393         276.53
            427        275.393        277.071
            428        275.393         277.08
            429        275.393        276.505
            430        275.393        276.587
            431        275.393        276.029
            432        275.393        276.216
            433        275.393        276.341
            434        275.393        276.298
            435        275.393        275.713
            436        275.393        276.541
            437        275.393        276.762
            438        275.393        276.517
            439        275.393        276.596
            440        275.393        276.133
            441        275.393        276.123
            442        275.393        276.513
            443        275.393        276.451
            444        275.393         276.39
            445        275.393        276.653
            446        275.393        276.386
            447        275.393        276.193
            448        275.393        277.016
            449        275.393        276.837
            450        275.393        276.617
            451        275.393        276.585
            452        275.393        276.596
            453        275.393        277.296
            454        275.393        276.516
            455        275.393        276.394
            456        275.393         276.82
            457        275.393        277.126
            458        275.393        276.884
            459        275.393        276.869
            460        275.393        276.745
            461        275.393        276.785
            462        275.393        276.465
            463        275.393        276.774
            464        275.393        276.556
            465        275.393        276.379
            466        275.393        276.542
            467        275.393        276.472
            468        275.393        276.966
            469        275.393        276.465
            470        275.393        276.559
            471        275.393        275.819
            472        275.393            276
            473        275.393        276.195
            474        275.393        276.495
            475        275.393        276.908
            476        275.393          277.6
            477        275.393         276.17
            478        275.393        276.177
            479        275.393        276.695
            480        275.393        276.453
            481        275.393        276.192
            482        275.393        276.963
            483        275.393        276.486
            484        275.393        277.047
            485        275.393        276.726
            486        275.393        276.527
            487        275.393        277.114
            488        275.393        276.607
            489        275.393        277.017
            490        275.393        277.318
            491        275.393        276.899
            492        275.393        277.058
            493        275.393        277.061
            494        275.393        276.633
            495        275.393        276.553
            496        275.393        276.361
            497        275.393        276.498
            498        275.393        276.537
            499        275.393         276.42