              0        844.898        1045.66
              1        717.703        936.712
              2        669.264        809.866
              3        623.544        721.786
              4        584.312        671.724
              5         575.22        628.765
              6        560.789        598.464
              7        534.257        580.725
              8        516.894        562.063
              9        498.113        546.752
             10        486.997        531.286
             11        475.647        514.068
             12        468.754        497.695
             13         457.53        487.001
             14        455.814        477.666
             15        443.716        466.883
             16        433.645        458.345
             17        413.733        449.053
             18        412.902        438.703
             19        407.137        426.535
             20        398.943        418.513
             21        397.419        414.831
             22        394.109        409.143
             23        387.985        404.961
             24        381.758        403.668
             25        376.445        399.064
             26        370.093        392.426
             27        360.406        384.386
             28        351.272        374.514
             29        346.148        370.636
             30        333.887        363.337
             31        328.525        354.794
             32        326.052        344.391
             33        325.191        336.525
             34        321.765        331.696
             35        317.418        327.889
             36        314.084        324.386
             37        308.158        321.634
             38        305.784        317.948
             39        302.237        313.369
             40        299.068        309.198
             41        301.004        317.224
             42        300.962        313.961
             43        299.791        309.459
             44        299.791        304.985
             45        299.759        303.798
             46        298.598        301.602
             47        297.468        301.289
             48        293.962        299.875
             49        292.941        299.139
             50        292.941        297.016
             51        292.941        295.177
             52        291.223        294.762
             53        290.923         299.12
             54        290.923        302.335
             55        290.879        299.309
             56         287.97        297.533
             57        287.925        294.352
             58        287.925        291.091
             59        287.925        290.138
             60        287.925          290.1
             61        277.967        284.815
             62         277.32         282.36
             63         277.32        280.205
             64         277.32         279.09
             65         277.32        278.512
             66        277.267        278.465
             67        277.267        279.548
             68        277.267        281.938
             69        276.774        280.752
             70        276.774        283.156
             71        276.774        284.486
             72        275.765        281.675
             73        275.765        279.924
             74        275.765        278.035
             75        275.765        277.659
             76        275.765         277.41
             77        274.574         277.11
             78        274.574        278.814
             79        274.574        279.432
             80        274.574        278.863
             81        274.574        281.824
             82        274.574        284.604
             83        274.574        282.093
             84        273.839        278.624
             85        273.839        278.209
             86        271.184        276.748
             87        271.184         277.59
             88        271.184        275.512
             89        271.184        273.452
             90        270.619        273.314
             91        268.452        272.427
             92        268.452        274.111
             93        268.452        275.334
             94        268.452        274.722
             95        268.452        271.818
             96        268.452        270.612
             97        268.452         270.52
             98        268.452        269.404
             99        268.452        269.515
            100        268.452        269.407
            101        268.452        273.026
            102        268.452        273.259
            103        268.452        271.672
            104        268.452        271.455
            105        268.452        270.818
            106        268.452        270.061
            107        268.452        269.497
            108        268.452        269.602
            109        268.452        269.627
            110        268.452        270.222
            111        268.452        270.834
            112        268.452        270.195
            113        268.452        270.137
            114        268.452        269.958
            115        268.452         269.38
            116        268.452        269.463
            117        268.452         269.52
            118        268.452         269.36
            119        268.452        269.154
            120        268.452        269.402
            121        268.371        269.358
            122        268.371        269.906
            123        268.371        269.681
            124        268.371        269.675
            125        268.371        269.006
            126        268.371        269.179
            127        268.371        269.389
            128        268.371        269.843
            129        268.371        270.509
            130        268.371        269.422
            131        268.371         268.86
            132        268.371        269.186
            133        268.371        269.605
            134        268.371         269.47
            135        268.371        269.383
            136        268.371        269.533
            137        268.371        269.608
            138        268.371        269.932
            139        268.371        269.622
            140        268.371        269.305
            141        268.371        270.401
            142        268.371        271.037
            143        268.371        271.656
            144        268.371        271.696
            145        268.371        271.377
            146        268.371        270.883
            147        268.371        270.349
            148        268.371        269.629
            149        268.371        269.535
            150        268.371        269.735
            151        268.371        269.587
            152        268.371        269.597
            153        268.371        270.081
            154        268.371        269.389
            155        268.371        269.737
            156        268.371        269.606
            157        268.371        270.377
            158        268.371        269.814
            159        268.371        269.535
            160        268.371        269.197
            161        268.371         269.64
            162        268.371        269.521
            163        268.371        269.515
            164        268.371        269.257
            165        268.371        269.271
            166        268.371        269.371
            167        268.371         269.72
            168        268.371        269.338
            169        268.371        269.059
            170        268.371        269.095
            171        268.371         269.24
            172        268.371        269.463
            173        268.371        269.804
            174        268.371        270.203
            175        268.371        270.228
            176        268.371        269.501
            177        268.371         269.69
            178        268.371        268.808
            179        268.371        268.623
            180        268.371        268.789
            181        268.371        268.884
            182        268.371        268.859
            183        268.371        269.113
            184        268.371        269.509
            185        268.371        270.185
            186        268.371        269.455
            187        268.371         269.44
            188        268.371        268.885
            189        268.371        268.928
            190        268.371        268.913
            191        268.371        269.169
            192        268.371        269.308
            193        268.371        269.336
            194        268.371        269.983
            195        268.371        269.788
            196        268.371        269.611
            197        268.371        269.413
            198        268.371        269.354
            199        268.371        269.375
            200        268.371        269.056
            201        268.371        269.391
            202        268.371        270.054
            203        268.371        269.858
            204        268.371        269.468
            205        268.371        270.588
            206        268.371        270.786
            207        268.371         271.16
            208        268.371        269.842
            209        268.371        270.096
            210        268.371        270.142
            211        268.371        269.993
            212        268.371        270.454
            213        268.371         269.57
            214        268.371        270.109
            215        268.371            270
            216        268.371        269.807
            217        268.371        269.913
            218        268.371        269.604
            219        268.371        269.619
            220        268.371        269.886
            221        268.371        269.044
            222        268.371        268.615
            223        268.371        269.033
            224        268.371        268.947
            225        268.371        268.618
            226        268.371        269.076
            227        268.371        269.572
            228        268.371        269.356
            229        268.371        268.714
            230        268.371        269.336
            231        268.371        269.572
            232        268.371        269.174
            233        268.371        269.638
            234        268.371        269.029
            235        268.371        269.268
            236        268.371        269.333
            237        268.371        269.428
            238        268.371        269.594
            239        268.371        269.223
            240        268.371        269.349
            241        268.371        269.418
            242        268.371        269.456
            243        268.371        270.203
            244        268.371        269.584
            245        268.371        269.065
            246        268.371        269.017
            247        268.371        269.169
            248        268.371         269.68
            249        268.371        269.369
            250        268.371        269.285
            251        268.371        269.142
            252        268.371        269.023
            253        268.371        269.299
            254        268.371        269.183
            255        268.371        269.938
            256        268.371        269.946
            257        268.371        269.718
            258        268.371        269.383
            259        268.371        269.288
            260        268.371        269.424
            261        268.371        269.467
            262        268.371        269.078
            263        268.371        269.117
            264        268.371        269.046
            265        268.371        268.901
            266        268.371        269.511
            267        268.371        269.464
            268        268.371        269.206
            269        268.371         269.18
            270        268.371        269.246
            271        268.371        269.559
            272        268.371        269.653
            273        268.371        269.786
            274        268.371        270.012
            275        268.371        269.644
            276        268.371         269.37
            277        268.371        269.177
            278        268.371        269.816
            279        268.371        269.964
            280        268.371        269.705
            281        268.371        268.746
            282        268.371        268.818
            283        268.371        268.729
            284        268.371        269.421
            285        268.371        269.814
            286        268.371        269.506
            287        268.371        269.694
            288        268.371        269.493
            289        268.371        269.613
            290        268.371        269.765
            291        268.371        269.529
            292        268.371        269.394
            293        268.371        268.916
            294        268.371        269.856
            295        268.371        268.972
            296        268.371        269.396
            297        268.371        269.277
            298        268.371         269.11
            299        268.371        269.176
            300        268.371        269.086
            301        268.371        269.268
            302        268.371        269.604
            303        268.371         269.64
            304        268.371        269.439
            305        268.371        269.501
            306        268.371        269.336
            307        268.371        269.589
            308        268.371         268.69
            309        268.371        269.225
            310        268.371        269.096
            311        268.371        269.193
            312        268.371         269.15
            313        268.371        269.796
            314        268.371        269.048
            315        268.371         269.75
            316        268.371        269.328
            317        268.371        269.874
            318        268.371        269.661
            319        268.371        269.523
            320        268.371        270.375
            321        268.371        269.376
            322        268.371        269.407
            323        268.371        269.421
            324        268.371        269.731
            325        268.371        269.601
            326        268.371        269.478
            327        268.371        269.536
            328        268.371        268.964
            329        268.371        268.702
            330        268.371        268.915
            331        268.371        268.992
            332        268.371        269.058
            333        268.371        269.479
            334        268.371        269.577
            335        268.371        269.982
            336        268.371        269.975
            337        268.371        269.474
            338        268.371        269.576
            339        268.371        269.679
            340        268.371        269.786
            341        268.371        269.342
            342        268.371        269.491
            343        268.371        268.883
            344        268.371        269.945
            345        268.371        269.514
            346        268.371         269.41
            347        268.371         268.97
            348        268.371        269.085
            349        268.371        269.129
            350        268.371        269.524
            351        268.371        269.237
            352        268.371         269.56
            353        268.371        270.066
            354        268.371        270.466
            355        268.371        269.641
            356        268.371        269.941
            357        268.371        269.761
            358        268.371        269.603
            359        268.371        269.311
            360        268.371        269.252
            361        268.371        269.832
            362        268.371         269.48
            363        268.371         269.79
            364        268.371        269.514
            365        268.371        269.326
            366        268.371          269.7
            367        268.371        269.526
            368        268.371        269.144
            369        268.371         270.17
            370        268.371        269.715
            371        268.371        269.508
            372        268.371        269.391
            373        268.371        269.481
            374        268.371        269.365
            375        268.371        269.861
            376        268.371        269.173
            377        268.371        269.647
            378        268.371        270.448
            379        268.371        269.569
            380        268.371        269.375
            381        268.371        268.795
            382        268.371        268.819
            383        268.371        269.201
            384        268.371        269.376
            385        268.371        269.341
            386        268.371        269.979
            387        268.371        269.819
            388        268.371        269.634
            389        268.371        269.203
            390        268.371        269.418
            391        268.371        270.005
            392        268.371         270.67
            393        268.371        270.017
            394        268.371        270.004
            395        268.371        269.381
            396        268.371        269.082
            397        268.371        269.726
            398        268.371        268.947
            399        268.371        269.181
            400        268.371        269.545
            401        268.371        269.381
            402        268.371        269.336
            403        268.371        268.816
            404        268.371        269.706
            405        268.371        269.746
            406        268.371        269.957
            407        268.371        270.323
            408        268.371        269.654
            409        268.371        269.696
            410        268.371        269.548
            411        268.371        270.279
            412        268.371        270.549
            413        268.371        269.721
            414        268.371        269.621
            415        268.371         269.66
            416        268.371        269.716
            417        268.371        269.874
            418        268.371        269.434
            419        268.371        269.501
            420        268.371        269.604
            421        268.371        269.694
            422        268.371          269.6
            423        268.371        268.953
            424        268.371        269.914
            425        268.371        270.118
            426        268.371        269.983
            427        268.371         269.28
            428        268.371        268.999
            429        268.371        268.941
            430        268.371        269.586
            431        268.371        269.983
            432        268.371        269.375
            433        268.371         269.98
            434        268.371        269.161
            435        268.371        268.839
            436        268.371        268.603
            437        268.371        269.245
            438        268.371        269.251
            439        268.371        269.304
            440        268.371        269.597
            441        268.371         269.81
            442        268.371        269.237
            443        268.371        269.812
            444        268.371        269.657
            445        268.371        269.638
            446        268.371        269.471
            447        268.371        270.128
            448        268.371        269.201
            449        268.371        269.155
            450        268.371        269.713
            451        268.371        269.392
            452        268.371        269.643
            453        268.371        269.212
            454        268.371        269.634
            455        268.371        269.997
            456        268.371        269.729
            457        268.371        269.879
            458        268.371        269.579
            459        268.371        269.519
            460        268.371        269.345
            461        268.371        268.845
            462        268.371        268.792
            463        268.371        268.661
            464        268.371        269.679
            465        268.371        269.154
            466        268.371        270.076
            467        268.371        269.301
            468        268.371        269.623
            469        268.371        269.588
            470        268.371        269.291
            471        268.371        269.801
            472        268.371        269.739
            473        268.371        270.219
            474        268.371        269.993
            475        268.371        269.628
            476        268.371        270.044
            477        268.371        269.477
            478        268.371        269.257
            479        268.371        269.767
            480        268.371        269.553
            481        268.371        269.101
            482        268.371        269.612
            483        268.371        269.902
            484        268.371        269.858
            485        268.371        269.336
            486        268.371        269.936
            487        268.371        269.879
            488        268.371        269.489
            489        268.371        269.999
            490        268.371        269.924
            491        268.371        269.608
            492        268.371        268.698
            493        268.371        269.371
            494        268.371        269.867
            495        268.371        269.393
            496        268.371        269.256
            497        268.371        269.621
            498        268.371        269.818
            499        268.371        269.645