              0        872.617        1047.69
              1        805.301        958.726
              2        737.591        887.118
              3        672.544        828.085
              4        633.423        753.426
              5        618.665        688.719
              6        591.014         650.86
              7        572.163        630.363
              8        552.404        608.761
              9        543.614        583.056
             10        531.386        563.381
             11        511.697         550.19
             12        493.326        536.032
             13        478.262        517.205
             14        469.602        499.852
             15        457.685        485.288
             16        449.081        476.164
             17        437.834        464.743
             18        427.551        454.271
             19        420.867        444.306
             20        412.401        436.265
             21        407.928        427.215
             22        398.964        419.888
             23        396.208        413.859
             24        386.827        407.568
             25        386.103        400.657
             26        382.573        394.074
             27        378.128        389.219
             28        369.029        385.323
             29         362.63        379.134
             30        358.375        372.583
             31        354.649        367.221
             32        352.986        362.623
             33        350.677        359.658
             34        344.675        357.459
             35        342.365        354.403
             36        341.085        349.975
             37        338.185        346.125
             38         325.84        344.357
             39        323.864        337.134
             40        323.864        333.408
             41        322.682        331.176
             42        319.327        329.055
             43        315.751        327.188
             44        312.922        326.094
             45        311.731        322.975
             46        309.873        318.626
             47        309.589        314.948
             48        304.073        312.801
             49        303.377          312.5
             50        303.377        314.127
             51        303.377        313.043
             52         303.34        311.943
             53        303.021        307.741
             54         294.75        306.949
             55        294.431        304.753
             56        293.447         301.13
             57        291.199        298.889
             58        291.199        294.967
             59        289.798        293.149
             60        289.798        292.887
             61        289.319        291.963
             62        287.918        292.185
             63        287.918        291.671
             64        287.918        289.702
             65        287.918        289.416
             66        286.638        289.163
             67        286.593        288.696
             68        286.593        288.604
             69        286.593        287.744
             70        285.857        287.593
             71        285.857        289.821
             72        285.857        291.511
             73        285.857        290.034
             74        285.857        288.105
             75         285.82        287.606
             76         285.82        287.222
             77         285.82        287.969
             78         285.82         287.59
             79         285.82        286.356
             80         285.82        286.977
             81        285.538        287.167
             82        285.538        288.778
             83        280.196        290.172
             84        280.196        289.679
             85        280.196        287.961
             86        280.196        284.467
             87        280.196        282.982
             88        280.196        281.848
             89        275.417        282.114
             90        275.417        280.726
             91        275.417        278.425
             92        275.252        277.243
             93        275.252        276.388
             94        275.252        276.243
             95        275.252        275.888
             96        273.686        275.712
             97        273.686        275.702
             98        273.686        275.299
             99        273.686         274.93
            100        273.686        275.445
            101        273.686        275.055
            102        273.686        274.511
            103        273.686        274.719
            104        273.686        274.488
            105        273.686        274.517
            106        273.686        274.051
            107        273.686        274.134
            108        273.686        274.885
            109        273.686        274.255
            110        273.686        274.744
            111        273.686        274.678
            112        273.686        274.717
            113        273.686        275.601
            114        273.686        274.926
            115        273.686        274.681
            116        273.686         274.75
            117        273.686         274.85
            118        273.686        274.759
            119        273.686        274.749
            120        273.686        274.462
            121        273.686        274.447
            122        273.686        274.525
            123        273.686        274.677
            124        273.686        275.142
            125        273.686        275.059
            126        273.686        275.046
            127        273.686        274.602
            128        273.686        274.544
            129        273.686        275.179
            130        273.686        274.532
            131        273.686        274.489
            132        273.686        274.785
            133        273.686        274.463
            134        273.686        274.377
            135        273.686        274.505
            136        273.686        274.964
            137        273.686         274.46
            138        273.686        275.167
            139        273.686        275.501
            140        273.686        274.824
            141        273.686        275.211
            142        273.686         275.17
            143        273.686        275.711
            144        273.686        275.386
            145        273.686        274.596
            146        273.686        274.945
            147        273.686        274.424
            148        273.686        274.757
            149        273.686        275.064
            150        273.686        274.735
            151        273.686        274.568
            152        273.686        275.046
            153        273.686        275.478
            154        273.686        275.252
            155        273.686        274.857
            156        273.686        274.933
            157        273.686        274.652
            158        273.686        274.703
            159        273.686        274.273
            160        273.686        274.205
            161        273.686        274.525
            162        273.686        274.758
            163        273.686        275.062
            164        273.686        275.408
            165        273.686        275.272
            166        273.686         275.29
            167        273.686        274.799
            168        273.686        274.876
            169        273.686        275.136
            170        273.686        274.411
            171        273.686        274.569
            172        273.686        274.773
            173        273.686        275.306
            174        273.686        276.025
            175        273.686        274.555
            176        273.686        274.273
            177        273.686        274.181
            178        273.686        275.144
            179        273.686        274.922
            180        273.686        275.002
            181        273.686        274.945
            182        273.686        275.113
            183        273.686        274.436
            184        273.686        275.209
            185        273.686        275.223
            186        273.686        275.286
            187        273.686        274.792
            188        273.686        274.584
            189        273.686        274.623
            190        273.686        274.877
            191        273.686        274.894
            192        273.686        274.627
            193        273.686        274.625
            194        273.686        274.407
            195        273.686        273.997
            196        273.686        274.049
            197        273.686        274.218
            198        273.686        274.556
            199        273.686        274.603
            200        273.686         274.48
            201        273.686        274.176
            202        273.686        274.171
            203        273.686        274.823
            204        273.686        274.284
            205        273.686        274.441
            206        273.686        274.957
            207        273.686        275.246
            208        273.686        274.823
            209        273.686         275.39
            210        273.686        274.951
            211        273.686        274.797
            212        273.686        274.701
            213        273.686        275.037
            214        273.686        274.471
            215        273.686        274.441
            216        273.686        274.852
            217        273.686        274.335
            218        273.686        274.546
            219        273.686        274.296
            220        273.686        275.096
            221        273.686        274.346
            222        273.686        275.266
            223        273.686        275.127
            224        273.686        274.572
            225        273.686        275.064
            226        273.686        275.054
            227        273.686         275.05
            228        273.686        275.217
            229        273.686        274.888
            230        273.686        274.935
            231        273.686          275.2
            232        273.686        274.848
            233        273.686        274.291
            234        273.686         274.54
            235        273.686        275.061
            236        273.686        274.899
            237        273.686        275.186
            238        273.686        274.285
            239        273.686        274.267
            240        273.686         274.81
            241        273.686        274.434
            242        273.686         274.56
            243        273.686        274.583
            244        273.686        274.461
            245        273.686        274.852
            246        273.686        274.933
            247        273.686        274.841
            248        273.686         274.86
            249        273.686        274.762
            250        273.686        274.632
            251        273.686        274.504
            252        273.686        274.949
            253        273.686        275.152
            254        273.686        274.728
            255        273.686        274.857
            256        273.686        275.232
            257        273.686        275.269
            258        273.686         274.47
            259        273.686        274.502
            260        273.686        274.608
            261        273.686        275.319
            262        273.686        274.715
            263        273.686        274.357
            264        273.686        274.307
            265        273.686        274.128
            266        273.686        274.876
            267        273.686        274.084
            268        273.686        273.977
            269        273.686        274.625
            270        273.686        274.325
            271        273.686        274.837
            272        273.686        275.141
            273        273.686        274.524
            274        273.686        274.641
            275        273.686        274.727
            276        273.686        274.234
            277        273.686        274.111
            278        273.686        274.311
            279        273.686        274.008
            280        273.686         274.79
            281        273.686        275.269
            282        273.686        275.788
            283        273.686        275.127
            284        273.686         275.45
            285        273.686        275.417
            286        273.686        275.101
            287        273.686        274.202
            288        273.686         274.47
            289        273.686        274.494
            290        273.686        274.381
            291        273.686         274.29
            292        273.686        274.397
            293        273.686        275.484
            294        273.686        275.036
            295        273.686        274.752
            296        273.686        274.248
            297        273.686        274.086
            298        273.686          274.7
            299        273.686        274.937
            300        273.686        275.117
            301        273.686        275.191
            302        273.686        275.194
            303        273.686        274.338
            304        273.686        274.576
            305        273.686        274.936
            306        273.686        274.655
            307        273.686        274.301
            308        273.686        274.228
            309        273.686        274.679
            310        273.686        275.141
            311        273.686         274.56
            312        273.686        274.501
            313        273.686        274.824
            314        273.686        274.955
            315        273.686        275.018
            316        273.686        274.716
            317        273.686        274.785
            318        273.686         275.38
            319        273.686        274.907
            320        273.686        274.365
            321        273.686        275.183
            322        273.686        274.661
            323        273.686        275.211
            324        273.686        274.508
            325        273.686        274.772
            326        273.686        275.432
            327        273.686        275.369
            328        273.686        275.318
            329        273.686        275.097
            330        273.686        274.802
            331        273.686        274.061
            332        273.686        274.143
            333        273.686        274.051
            334        273.686        274.157
            335        273.686        274.607
            336        273.686        274.219
            337        273.686        274.313
            338        273.686        274.646
            339        273.686        274.416
            340        273.686        274.603
            341        273.686        274.729
            342        273.686        274.502
            343        273.686        274.508
            344        273.686          274.5
            345        273.686        274.847
            346        273.686         274.51
            347        273.686        274.462
            348        273.686        274.774
            349        273.686        275.003
            350        273.686        275.063
            351        273.686        275.406
            352        273.686        275.135
            353        273.686        274.857
            354        273.686        274.692
            355        273.686        274.451
            356        273.686        274.391
            357        273.686        274.615
            358        273.686        274.671
            359        273.686        274.934
            360        273.686        275.222
            361        273.686        274.627
            362        273.686        274.405
            363        273.686        274.776
            364        273.686        274.929
            365        273.686        274.961
            366        273.686        274.983
            367        273.686        274.125
            368        273.686        274.405
            369        273.686        274.472
            370        273.686        274.507
            371        273.686        274.567
            372        273.686         274.45
            373        273.686        274.773
            374        273.686        275.286
            375        273.686        275.082
            376        273.686        275.306
            377        273.686        275.124
            378        273.686        274.755
            379        273.686        274.544
            380        273.686        274.809
            381        273.686        275.925
            382        273.686        274.783
            383        273.686        274.991
            384        273.686         275.45
            385        273.686        274.947
            386        273.686        274.914
            387        273.686        274.604
            388        273.686        275.077
            389        273.686        274.275
            390        273.686        274.602
            391        273.686        274.459
            392        273.686        274.388
            393        273.686        274.072
            394        273.686        274.808
            395        273.686        274.667
            396        273.686        274.971
            397        273.686        274.555
            398        273.686        274.489
            399        273.686        274.511
            400        273.686        275.025
            401        273.686        275.089
            402        273.686        275.431
            403        273.686        274.562
            404        273.686         275.17
            405        273.686        275.158
            406        273.686        274.786
            407        273.686        274.571
            408        273.686        274.782
            409        273.686        275.072
            410        273.686        274.837
            411        273.686        275.022
            412        273.686        274.571
            413        273.686        274.821
            414        273.686        274.502
            415        273.686         275.14
            416        273.686         275.19
            417        273.686        274.326
            418        273.686        274.494
            419        273.686        274.359
            420        273.686        274.121
            421        273.686        274.522
            422        273.686        275.051
            423        273.686        274.898
            424        273.686         274.78
            425        273.686        274.717
            426        273.686        274.341
            427        273.686        274.858
            428        273.686         274.55
            429        273.686         274.34
            430        273.686        275.156
            431        273.686        274.647
            432        273.686        274.581
            433        273.686        275.362
            434        273.686        274.839
            435        273.686         274.56
            436        273.686         274.67
            437        273.686        275.004
            438        273.686        274.612
            439        273.686        274.827
            440        273.686        274.939
            441        273.686        275.286
            442        273.686        274.914
            443        273.686        276.336
            444        273.686        274.999
            445        273.686        274.473
            446        273.686        275.135
            447        273.686        274.782
            448        273.686        274.415
            449        273.686        274.397
            450        273.686        274.489
            451        273.686        274.287
            452        273.686         274.25
            453        273.686         273.96
            454        273.686        273.818
            455        273.686        274.117
            456        273.686         274.29
            457        273.686        274.242
            458        273.686          274.4
            459        273.686        274.592
            460        273.686        274.309
            461        273.686        274.374
            462        273.686        274.109
            463        273.686        274.309
            464        273.686        274.866
            465        273.686        274.792
            466        273.686         274.52
            467        273.686        274.681
            468        273.686        274.954
            469        273.686          274.9
            470        273.686        274.677
            471        273.686        274.649
            472        273.686        274.703
            473        273.686        274.658
            474        273.686        274.774
            475        273.686        274.363
            476        273.686        274.496
            477        273.686         275.11
            478        273.686        275.175
            479        273.686        275.019
            480        273.686        274.582
            481        273.686         274.62
            482        273.686        274.563
            483        273.686         274.94
            484        273.686         275.71
            485        273.686         274.66
            486        273.686        275.492
            487        273.686        274.486
            488        273.686        274.689
            489        273.686        274.933
            490        273.686        275.338
            491        273.686        274.435
            492        273.686        274.981
            493        273.686        274.888
            494        273.686        275.405
            495        273.686        275.147
            496        273.686        274.638
            497        273.686        274.854
            498        273.686        275.403
            499        273.686        275.122