        1.77586      0.0726655
        1.28435      0.0467778
     -0.0592453      0.0149122
      -0.431521     0.00274649
      -0.386964     0.00358128
       0.284891      0.0100571
       0.542401      0.0127177
       0.146643     0.00853862
      0.0295028     0.00878623
      -0.176736     0.00628918
      -0.123222     0.00906586
      -0.389222     0.00351808
      -0.446142     0.00296298
      -0.286013     0.00397491
       -0.40327     0.00489538
      -0.313116     0.00409726
      -0.366101      0.0056903
      -0.304833     0.00365767
      -0.435409     0.00239688
       -0.33401     0.00313191
       -0.43374      0.0034539
      -0.437012      0.0022056
      -0.425292     0.00370609
      -0.439357       0.003495
      -0.442429       0.002324
      -0.444291     0.00258758
      -0.444569     0.00225414
      -0.431293     0.00391036
      -0.446583     0.00201709
      -0.444456     0.00264363
      -0.443397     0.00231794
       -0.44582     0.00242916
      -0.443676     0.00265377
      -0.444057     0.00255216
      -0.443282     0.00250146
      -0.443275     0.00281426
       -0.44141     0.00276065
      -0.447717     0.00200808
      -0.445598     0.00261262
      -0.446099     0.00241656
      -0.444689     0.00227977
