             -3              0
         -2.988              0
         -2.976              0
         -2.964              0
         -2.952              0
          -2.94              0
         -2.928              0
         -2.916              0
         -2.904              0
         -2.892              0
          -2.88              0
         -2.868              0
         -2.856              0
         -2.844              0
         -2.832              0
          -2.82              0
         -2.808              0
         -2.796              0
         -2.784              0
         -2.772              0
          -2.76              0
         -2.748              0
         -2.736              0
         -2.724              0
         -2.712              0
           -2.7              0
         -2.688              0
         -2.676              0
         -2.664              0
         -2.652              0
          -2.64              0
         -2.628              0
         -2.616              0
         -2.604              0
         -2.592              0
          -2.58              0
         -2.568              0
         -2.556              0
         -2.544              0
         -2.532              0
          -2.52              0
         -2.508              0
         -2.496              0
         -2.484              0
         -2.472              0
          -2.46              0
         -2.448              0
         -2.436              0
         -2.424              0
         -2.412              0
           -2.4    0.000833333
         -2.388              0
         -2.376              0
         -2.364     0.00416667
         -2.352              0
          -2.34              0
         -2.328     0.00333333
         -2.316     0.00166667
         -2.304              0
         -2.292    0.000833333
          -2.28              0
         -2.268     0.00166667
         -2.256     0.00166667
         -2.244     0.00166667
         -2.232    0.000833333
          -2.22     0.00166667
         -2.208     0.00333333
         -2.196     0.00583333
         -2.184         0.0025
         -2.172              0
          -2.16     0.00916667
         -2.148    0.000833333
         -2.136     0.00666667
         -2.124     0.00916667
         -2.112     0.00333333
           -2.1         0.0075
         -2.088         0.0025
         -2.076     0.00833333
         -2.064     0.00583333
         -2.052    0.000833333
          -2.04     0.00916667
         -2.028     0.00916667
         -2.016     0.00916667
         -2.004     0.00833333
         -1.992      0.0116667
          -1.98           0.01
         -1.968     0.00916667
         -1.956      0.0108333
         -1.944      0.0133333
         -1.932     0.00666667
          -1.92           0.01
         -1.908           0.02
         -1.896      0.0108333
         -1.884      0.0158333
         -1.872      0.0158333
          -1.86      0.0158333
         -1.848          0.025
         -1.836      0.0266667
         -1.824         0.0225
         -1.812      0.0216667
           -1.8      0.0283333
         -1.788      0.0208333
         -1.776      0.0608333
         -1.764          0.035
         -1.752      0.0416667
          -1.74      0.0466667
         -1.728      0.0316667
         -1.716      0.0591667
         -1.704      0.0408333
         -1.692      0.0491667
          -1.68      0.0591667
         -1.668      0.0741667
         -1.656      0.0591667
         -1.644      0.0558333
         -1.632         0.0475
          -1.62      0.0541667
         -1.608      0.0816667
         -1.596      0.0858333
         -1.584         0.0675
         -1.572          0.075
          -1.56      0.0908333
         -1.548         0.1025
         -1.536         0.1075
         -1.524      0.0983333
         -1.512         0.1025
           -1.5           0.11
         -1.488      0.0933333
         -1.476       0.126667
         -1.464           0.12
         -1.452       0.130833
          -1.44       0.165833
         -1.428         0.1825
         -1.416       0.125833
         -1.404       0.158333
         -1.392       0.176667
          -1.38           0.17
         -1.368          0.165
         -1.356         0.1475
         -1.344       0.208333
         -1.332       0.205833
          -1.32          0.195
         -1.308       0.223333
         -1.296       0.175833
         -1.284            0.2
         -1.272       0.238333
          -1.26       0.225833
         -1.248       0.260833
         -1.236       0.221667
         -1.224       0.279167
         -1.212       0.275833
           -1.2       0.278333
         -1.188       0.283333
         -1.176       0.279167
         -1.164       0.278333
         -1.152            0.3
          -1.14       0.274167
         -1.128       0.271667
         -1.116       0.311667
         -1.104          0.375
         -1.092       0.286667
          -1.08         0.3025
         -1.068       0.303333
         -1.056       0.353333
         -1.044       0.324167
         -1.032          0.355
          -1.02       0.381667
         -1.008       0.328333
         -0.996       0.404167
         -0.984       0.378333
         -0.972       0.351667
          -0.96       0.411667
         -0.948       0.343333
         -0.936          0.355
         -0.924       0.379167
         -0.912       0.401667
           -0.9         0.3875
         -0.888         0.4075
         -0.876         0.3675
         -0.864       0.451667
         -0.852       0.435833
          -0.84       0.425833
         -0.828         0.3075
         -0.816         0.3525
         -0.804          0.385
         -0.792       0.375833
          -0.78         0.4075
         -0.768           0.42
         -0.756       0.426667
         -0.744       0.445833
         -0.732       0.373333
          -0.72       0.448333
         -0.708          0.435
         -0.696         0.4225
         -0.684       0.459167
         -0.672       0.373333
          -0.66       0.401667
         -0.648       0.429167
         -0.636       0.371667
         -0.624         0.3675
         -0.612       0.448333
           -0.6       0.476667
         -0.588           0.41
         -0.576       0.384167
         -0.564       0.404167
         -0.552           0.34
          -0.54           0.42
         -0.528           0.34
         -0.516          0.425
         -0.504       0.341667
         -0.492       0.393333
          -0.48       0.439167
         -0.468       0.358333
         -0.456       0.389167
         -0.444          0.325
         -0.432         0.3425
          -0.42       0.328333
         -0.408       0.351667
         -0.396          0.325
         -0.384         0.3575
         -0.372           0.37
          -0.36           0.32
         -0.348       0.306667
         -0.336       0.366667
         -0.324           0.33
         -0.312           0.35
           -0.3         0.3025
         -0.288       0.310833
         -0.276           0.32
         -0.264         0.3275
         -0.252       0.295833
          -0.24           0.33
         -0.228         0.2825
         -0.216       0.274167
         -0.204       0.306667
         -0.192       0.338333
          -0.18          0.305
         -0.168       0.280833
         -0.156       0.273333
         -0.144         0.3025
         -0.132       0.325833
          -0.12         0.2925
         -0.108       0.284167
         -0.096       0.311667
         -0.084       0.301667
         -0.072       0.295833
          -0.06       0.291667
         -0.048          0.275
         -0.036         0.2925
         -0.024       0.235833
         -0.012       0.254167
              0       0.266667
          0.012          0.275
          0.024       0.310833
          0.036       0.256667
          0.048         0.2975
           0.06       0.259167
          0.072       0.255833
          0.084       0.301667
          0.096       0.315833
          0.108       0.230833
           0.12          0.295
          0.132         0.3075
          0.144       0.331667
          0.156       0.276667
          0.168       0.251667
           0.18       0.271667
          0.192       0.291667
          0.204           0.29
          0.216       0.343333
          0.228         0.2375
           0.24       0.286667
          0.252         0.3275
          0.264       0.306667
          0.276       0.348333
          0.288       0.326667
            0.3         0.3425
          0.312       0.286667
          0.324       0.345833
          0.336       0.306667
          0.348       0.306667
           0.36       0.368333
          0.372          0.355
          0.384       0.359167
          0.396         0.3025
          0.408       0.345833
           0.42       0.368333
          0.432         0.3525
          0.444       0.399167
          0.456       0.336667
          0.468       0.365833
           0.48       0.350833
          0.492         0.3625
          0.504       0.360833
          0.516         0.3575
          0.528       0.398333
           0.54       0.413333
          0.552         0.3875
          0.564       0.398333
          0.576       0.411667
          0.588         0.4225
            0.6       0.388333
          0.612       0.445833
          0.624       0.391667
          0.636       0.473333
          0.648         0.4525
           0.66       0.399167
          0.672           0.41
          0.684       0.354167
          0.696       0.410833
          0.708            0.4
           0.72         0.4475
          0.732       0.411667
          0.744       0.386667
          0.756         0.4675
          0.768       0.475833
           0.78       0.388333
          0.792       0.369167
          0.804           0.44
          0.816         0.4475
          0.828         0.4075
           0.84          0.405
          0.852       0.409167
          0.864       0.424167
          0.876       0.409167
          0.888       0.371667
            0.9       0.409167
          0.912       0.406667
          0.924       0.388333
          0.936         0.4075
          0.948           0.37
           0.96         0.4125
          0.972       0.401667
          0.984       0.409167
          0.996       0.330833
          1.008         0.3375
           1.02       0.339167
          1.032       0.334167
          1.044         0.3425
          1.056          0.375
          1.068       0.333333
           1.08           0.35
          1.092       0.331667
          1.104       0.295833
          1.116       0.309167
          1.128       0.303333
           1.14       0.276667
          1.152          0.275
          1.164       0.298333
          1.176       0.249167
          1.188       0.264167
            1.2       0.225833
          1.212       0.254167
          1.224       0.239167
          1.236       0.286667
          1.248       0.248333
           1.26         0.2375
          1.272           0.24
          1.284       0.221667
          1.296       0.236667
          1.308           0.22
           1.32       0.214167
          1.332       0.158333
          1.344       0.193333
          1.356         0.1725
          1.368         0.1425
           1.38       0.150833
          1.392         0.1125
          1.404       0.141667
          1.416       0.123333
          1.428         0.1225
           1.44       0.123333
          1.452       0.114167
          1.464          0.115
          1.476          0.115
          1.488       0.116667
            1.5       0.109167
          1.512       0.110833
          1.524          0.085
          1.536      0.0933333
          1.548      0.0933333
           1.56       0.100833
          1.572       0.108333
          1.584      0.0783333
          1.596      0.0608333
          1.608      0.0766667
           1.62         0.0775
          1.632         0.0625
          1.644      0.0508333
          1.656         0.0525
          1.668      0.0666667
           1.68      0.0533333
          1.692      0.0483333
          1.704      0.0541667
          1.716      0.0333333
          1.728      0.0258333
           1.74      0.0258333
          1.752      0.0233333
          1.764      0.0358333
          1.776      0.0433333
          1.788      0.0458333
            1.8      0.0241667
          1.812         0.0375
          1.824      0.0266667
          1.836      0.0191667
          1.848      0.0191667
           1.86      0.0291667
          1.872         0.0175
          1.884      0.0183333
          1.896           0.02
          1.908      0.0216667
           1.92          0.005
          1.932          0.025
          1.944      0.0166667
          1.956          0.015
          1.968      0.0116667
           1.98          0.005
          1.992      0.0141667
          2.004     0.00333333
          2.016         0.0075
          2.028     0.00333333
           2.04     0.00416667
          2.052     0.00583333
          2.064     0.00583333
          2.076     0.00333333
          2.088              0
            2.1     0.00916667
          2.112     0.00666667
          2.124     0.00333333
          2.136         0.0025
          2.148              0
           2.16     0.00166667
          2.172          0.005
          2.184         0.0025
          2.196         0.0025
          2.208     0.00666667
           2.22     0.00333333
          2.232         0.0025
          2.244    0.000833333
          2.256              0
          2.268              0
           2.28              0
          2.292    0.000833333
          2.304         0.0025
          2.316     0.00166667
          2.328     0.00166667
           2.34              0
          2.352              0
          2.364              0
          2.376    0.000833333
          2.388              0
            2.4     0.00166667
          2.412              0
          2.424     0.00166667
          2.436              0
          2.448              0
           2.46              0
          2.472    0.000833333
          2.484              0
          2.496              0
          2.508              0
           2.52              0
          2.532              0
          2.544              0
          2.556    0.000833333
          2.568              0
           2.58              0
          2.592              0
          2.604              0
          2.616              0
          2.628              0
           2.64              0
          2.652              0
          2.664              0
          2.676              0
          2.688              0
            2.7              0
          2.712              0
          2.724              0
          2.736              0
          2.748              0
           2.76              0
          2.772              0
          2.784              0
          2.796              0
          2.808              0
           2.82              0
          2.832              0
          2.844              0
          2.856              0
          2.868              0
           2.88              0
          2.892              0
          2.904              0
          2.916              0
          2.928              0
           2.94              0
          2.952              0
          2.964              0
          2.976              0
          2.988              0
