      -0.421576      -0.421576              0
      -0.403404       -0.41249     0.00908584
       -0.48159      -0.435523       0.023623
      -0.456032       -0.44065      0.0174732
      -0.452163      -0.442953      0.0137291
      -0.443715       -0.44308      0.0112105
      -0.439214      -0.442528     0.00949069
      -0.446812      -0.443063     0.00823661
      -0.467015      -0.445725     0.00773616
      -0.423606      -0.443513     0.00726435
      -0.454573      -0.444518     0.00664734
      -0.455181      -0.445407     0.00613287
      -0.478281      -0.447935     0.00618226
      -0.460066      -0.448802     0.00578888
      -0.429016      -0.447483     0.00554823
      -0.451879      -0.447758     0.00519716
       -0.45068       -0.44793     0.00488491
      -0.416756      -0.446198     0.00492041
      -0.453203      -0.446566     0.00466882
      -0.448195      -0.446648     0.00442998
      -0.429731      -0.445842     0.00429006
      -0.469256      -0.446907      0.0042266
       -0.43168      -0.446245     0.00409256
      -0.474746      -0.447432     0.00409434
      -0.470495      -0.448355     0.00403405
      -0.436533        -0.4479     0.00390237
        -0.4712      -0.448763     0.00385294
      -0.425478      -0.447931     0.00380478
      -0.459127      -0.448317     0.00369148
      -0.449059      -0.448342      0.0035664
      -0.426968      -0.447653     0.00351766
      -0.413736      -0.446593     0.00356707
      -0.400014      -0.445181     0.00373432
      -0.442214      -0.445094     0.00362387
      -0.424775      -0.444513     0.00356638
       -0.46275       -0.44502     0.00350272
      -0.435117      -0.444752     0.00341724
      -0.446247      -0.444792     0.00332633
      -0.435171      -0.444545     0.00324929
       -0.41533      -0.443815     0.00325015
      -0.429345      -0.443462     0.00318947
      -0.454198      -0.443717     0.00312308
      -0.404417      -0.442803      0.0031836
      -0.443547       -0.44282     0.00311045
      -0.459507      -0.443191     0.00306307
      -0.465868      -0.443684     0.00303604
      -0.417772      -0.443133     0.00302146
      -0.413855      -0.442523     0.00302008
      -0.435566      -0.442381     0.00296121
      -0.467087      -0.442875     0.00294316
      -0.443872      -0.442894     0.00288494
      -0.436143      -0.442765     0.00283189
      -0.433271      -0.442585     0.00278372
      -0.461417      -0.442934     0.00275385
      -0.447164      -0.443011     0.00270441
      -0.467281      -0.443445     0.00269081
       -0.47352      -0.443972     0.00269533
      -0.471343      -0.444444     0.00269016
      -0.456533      -0.444649      0.0026521
      -0.474457      -0.445146     0.00265443
      -0.453517      -0.445283     0.00261416
      -0.432805      -0.445082     0.00257951
       -0.44419      -0.445068     0.00253827
       -0.46057       -0.44531     0.00251002
      -0.473245       -0.44574     0.00250819
      -0.461165      -0.445973     0.00248093
      -0.456285      -0.446127     0.00244846
      -0.451743       -0.44621      0.0024136
      -0.461933      -0.446438     0.00238926
      -0.405645      -0.445855     0.00242591
      -0.424593      -0.445555     0.00241018
      -0.436617      -0.445431     0.00237971
      -0.414131      -0.445003     0.00238573
      -0.420682      -0.444674     0.00237611
      -0.471104      -0.445026     0.00237055
      -0.450436      -0.445097     0.00234023
      -0.463113      -0.445331     0.00232146
      -0.404377      -0.444806     0.00235089
      -0.465398      -0.445067     0.00233553
      -0.474944       -0.44544     0.00233619
      -0.441306      -0.445389     0.00230774
      -0.401237      -0.444851     0.00234215
      -0.429606      -0.444667     0.00232104
      -0.454291      -0.444782      0.0022961
      -0.452089      -0.444868     0.00227055
      -0.447909      -0.444903     0.00224428
      -0.452827      -0.444994      0.0022202
      -0.443077      -0.444972     0.00219493
      -0.429684      -0.444801     0.00217692
      -0.432039      -0.444659     0.00215726
      -0.437699      -0.444582     0.00213479
      -0.460451      -0.444755     0.00211849
      -0.424653      -0.444539     0.00210671
       -0.44889      -0.444585     0.00208469
      -0.436303      -0.444498     0.00206447
      -0.462374      -0.444684     0.00205132
      -0.441621      -0.444652     0.00203031
       -0.45134      -0.444721     0.00201064
      -0.443495      -0.444708     0.00199027
      -0.457497      -0.444836     0.00197441