      -0.441871      -0.441871              0
      -0.441043      -0.441457    0.000413943
      -0.439962      -0.440958    0.000552746
      -0.444066      -0.441735    0.000869574
      -0.445152      -0.442419    0.000959503
      -0.443017      -0.442518    0.000789759
      -0.444561       -0.44281    0.000728445
      -0.443679      -0.442919     0.00064014
      -0.445126      -0.443164    0.000615538
      -0.444506      -0.443298     0.00056668
      -0.441143      -0.443102    0.000548752
      -0.442617      -0.443062     0.00050257
      -0.431955      -0.442207    0.000971426
      -0.431507      -0.441443     0.00118028
      -0.436838      -0.441136     0.00114086
      -0.447922       -0.44156     0.00114836
      -0.441791      -0.441574     0.00107879
      -0.453751       -0.44225     0.00122153
      -0.443897      -0.442337     0.00115869
      -0.444797       -0.44246      0.0011061
      -0.442528      -0.442463     0.00105211
      -0.431254      -0.441954     0.00112512
      -0.441471      -0.441933     0.00107529
      -0.452022      -0.442353     0.00111204
      -0.445274       -0.44247     0.00107301
      -0.436052      -0.442223     0.00106006
       -0.44539       -0.44234     0.00102677
      -0.444907      -0.442432    0.000993655
      -0.445238      -0.442529    0.000963647
       -0.44024      -0.442453    0.000934093
      -0.445634      -0.442555    0.000909271
      -0.447125      -0.442698    0.000891907
      -0.444498      -0.442753    0.000866175
      -0.445312      -0.442828    0.000843679
      -0.439005      -0.442719    0.000826468
      -0.449804      -0.442915    0.000826948
      -0.442771      -0.442912    0.000804297
      -0.433563      -0.442666    0.000820589
      -0.445307      -0.442733    0.000802137
      -0.434162      -0.442519    0.000810659
      -0.440795      -0.442477    0.000791756
      -0.442988      -0.442489    0.000772771
      -0.445643      -0.442562    0.000758142
      -0.438525      -0.442471    0.000746374
      -0.440841      -0.442434    0.000730498
      -0.437006      -0.442316    0.000724123
      -0.435947      -0.442181    0.000721391
      -0.436379       -0.44206    0.000716473
      -0.447124      -0.442163    0.000709269
      -0.436534      -0.442051    0.000703999
       -0.44224      -0.442055    0.000690067
      -0.430434      -0.441831    0.000712612
      -0.427672      -0.441564    0.000748349
      -0.446256      -0.441651    0.000739482
       -0.44541      -0.441719    0.000729122
      -0.439366      -0.441677    0.000717216
      -0.440153       -0.44165    0.000705028
      -0.438551      -0.441597    0.000694823
      -0.440062      -0.441571    0.000683441
      -0.432806      -0.441425    0.000687648
      -0.435727      -0.441331    0.000682702
      -0.444212      -0.441378    0.000673206
      -0.448331      -0.441488    0.000671564
      -0.445599      -0.441552      0.0006641
      -0.434916       -0.44145    0.000661729
      -0.449263      -0.441569    0.000662289
      -0.451125      -0.441711     0.00066774
      -0.445302      -0.441764    0.000659962
      -0.452156      -0.441915    0.000667539
      -0.443984      -0.441944    0.000658598
      -0.444569      -0.441981    0.000650307
      -0.443429      -0.442001    0.000641527
      -0.441785      -0.441998    0.000632685
      -0.440856      -0.441983    0.000624267
      -0.451145      -0.442105    0.000627884
      -0.446758      -0.442166    0.000622585
      -0.432521      -0.442041    0.000627085
      -0.436395      -0.441969    0.000623212
      -0.438604      -0.441926    0.000616745
      -0.437646      -0.441873    0.000611333
      -0.446917      -0.441935    0.000606942
      -0.448459      -0.442014    0.000604752
      -0.446396      -0.442067    0.000599749
      -0.433066       -0.44196    0.000602177
      -0.445707      -0.442004    0.000596681
      -0.448259      -0.442077    0.000594169
      -0.453282      -0.442206    0.000601257
      -0.444508      -0.442232    0.000594961
      -0.433657      -0.442136    0.000596077
       -0.44307      -0.442146    0.000589508
      -0.451542      -0.442249    0.000592066
      -0.445553      -0.442285    0.000586695
      -0.444189      -0.442306    0.000580713
      -0.445841      -0.442343    0.000575732
      -0.449104      -0.442414    0.000574067
      -0.444581      -0.442437    0.000568504
      -0.444519      -0.442458    0.000563022
      -0.442303      -0.442457    0.000557249
      -0.429706      -0.442328     0.00056643
      -0.436983      -0.442275    0.000563278