              1             10       0.950843        1.23056
              2            7.5        1.12688       0.974947
              3          5.625       0.939919       0.823579
              4        4.21875       0.813923       0.572186
              5        3.16406       0.698675       0.713018
              6        2.37305       0.240698       0.568234
              7        1.77979       0.302018       0.422026
              8        1.33484      0.0722554       0.665306
              9        1.00113      0.0924951       0.711088
             10       0.750847       0.443733       0.691862
             11       0.563135       0.689905        0.45389
             12       0.422351       0.709814       0.561508
             13       0.316764       0.810816       0.630133
             14       0.237573       0.591946       0.557165
             15       0.178179       0.894376       0.640632
             16       0.133635       0.589846       0.771888
             17       0.100226       0.925253       0.656878
             18      0.0751695       0.592073       0.607663
             19      0.0563771       0.760655       0.591501
             20      0.0422828       0.614599       0.612096
             21      0.0317121       0.839833       0.615441
             22      0.0237841         0.7675       0.605702
             23      0.0178381       0.863834          0.648
             24      0.0133786       0.824341       0.626677
             25      0.0100339       0.751855       0.621022
             26     0.00752543       0.784717       0.619551
             27     0.00564408       0.773056       0.612021
             28     0.00423306       0.825245       0.639292
             29     0.00317479       0.804712       0.611696
             30     0.00238109       0.823438       0.612267
             31     0.00178582       0.797254       0.616612
             32     0.00133937       0.820813       0.630752
             33     0.00100452       0.802754        0.61418
             34    0.000753393       0.802754        0.61418
             35    0.000565045       0.802754        0.61418
             36    0.000423784       0.802754        0.61418
             37    0.000317838       0.809082       0.619498
             38    0.000238378       0.809082       0.619498
             39    0.000178784       0.809082       0.619498
             40    0.000134088       0.809082       0.619498
             41    0.000100566       0.809082       0.619498
