0.751992
0.95273
0.794296
1.22897
1.27128
0.87014
0.927809
1.27194
0.89256
0.810628
0.799171
0.987804
0.845421
0.9268
0.619739
0.596808
0.799515
0.565345
0.560603
0.411378
0.480629
0.5344
0.876271
1.44207
1.31085
1.3603
1.40825
1.10394
1.37656
1.27227
1.76132
1.51648
1.57496
1.55411
1.26646
1.18402
1.13229
1.1372
0.849094
0.751748
1.05724
1.25699
1.67046
1.3719
1.10029
0.985766
1.23624
1.22739
1.17722
1.39282
1.56777
2.00288
1.72772
1.67163
1.81631
1.63292
1.50771
1.46483
1.44172
1.13519
1.0872
0.7776
0.524753
0.59823
0.40165
0.555733
0.780155
0.761632
0.778016
0.816971
1.25463
1.02061
1.32825
1.27873
1.27873
0.923161
1.18385
1.5378
1.12504
1.39599
1.20758
1.51117
0.994863
1.02515
0.754031
0.418791
0.779832
0.796306
0.761733
0.873976
0.940139
1.01173
0.872852
0.682654
1.21047
1.492
1.47977
1.38772
1.4198
1.63106
1.8571
2.12393
1.80688
1.97712
1.91247
1.31464
0.929821
1.19459
1.37862
0.882896
0.813769
0.745723
0.50054
0.269056
0.350654
0.271892
0.431068
0.29842
0.283079
0.205836
0.135331
0.0708216
0.169227
0.208106
0.253926
0.195036
0.119305
0.0196326
-0.108446
-0.144619
-0.0895692
-0.0476129
0.0218111
-0.0193152
-0.0017964
-0.0576109
-0.0686296
-0.127031
0.00235896
0.0948317
0.0589985
-0.0383362
-0.0426064
-0.122667
-0.141229
-0.102582
-0.0719524
-0.0852148
-0.0599617
0.111706
0.151169
0.432206
0.217032
0.418017
0.315534
0.521129
0.493602
0.314874
0.404995
0.277294
0.123822
0.173552
0.0499999
0.0285712
0.168405
0.171637
0.115822
0.170614
0.396553
0.272561
0.180173
0.220354
0.308714
0.377601
0.1957
0.425656
0.42614
0.626326
0.503932
0.340718
0.321809
0.452999
0.425243
0.517079
0.78219
0.84611
0.652325
0.691505
0.50289
0.400804
0.51869
0.50249
0.557723
0.588102
0.860053
0.885078
0.651322
0.785758
0.785758
1.2325
1.35906
1.16809
1.07443
1.05759
1.10279
1.03835
0.91898
0.890014
1.20443
1.28372
1.1331
1.20793
1.49707
1.37098
1.2264
1.17389
1.01883
1.02276
1.3308
1.4742
1.63498
1.77877
1.8593
1.58833
1.7046
2.11037
1.7942
1.88315
2.38575
2.09142
1.49105
1.315
1.51357
1.35553
0.998693
1.26688
1.51101
1.71873
1.57337
1.37594
1.63392
1.64017
1.51677
1.66565
1.4112
1.46621
1.40658
1.34284
1.54638
1.69199
2.0176
2.13963
2.07014
2.22641
1.78047
1.64554
1.31846
1.65409
1.68734
1.48227
1.16939
1.61092
1.37805
1.17839
1.19859
1.0796
0.808071
0.75267
0.681932
0.466137
0.394785
0.411199
0.67092
0.588232
0.588232
0.560505
0.67025
0.858171
0.726807
0.818257
1.03082
0.765366
0.619954
0.585932
0.477417
0.511529
0.345422
0.176477
0.219336
0.150936
0.106469
0.0872656
-0.0743999
-0.115716
-0.158979
-0.202592
-0.10917
0.0288622
0.000265422
-0.0520361
-0.0631776
-0.182459
-0.171449
-0.193544
-0.197059
-0.268102
-0.312579
-0.345555
-0.366417
-0.381008
-0.415628
-0.429653
-0.389883
-0.418861
-0.429591
-0.417903
-0.423058
-0.433304
-0.424054
-0.409195
-0.413525
-0.374195
-0.372293
-0.335108
-0.357014
-0.387136
-0.395597
-0.422404
-0.43344
-0.438343
-0.437251
-0.442284
-0.441681
-0.430934
-0.428472
-0.390397
-0.387351
-0.417645
-0.393476
-0.423198
-0.392416
-0.318164
-0.305667
-0.202757
-0.208856
-0.279511
-0.349649
-0.367317
-0.309851
-0.339819
-0.322295
-0.325231
-0.300058
-0.363123
-0.384507
-0.390921
-0.37075
-0.4049
-0.410926
-0.403202
-0.364393
-0.308648
-0.358289
-0.367421
-0.354705
-0.336643
-0.29494
-0.276544
-0.217409
-0.269842
-0.30183
-0.288104
-0.327707
-0.332914
-0.336629
-0.350239
-0.327276
-0.342096
-0.359699
-0.338208
-0.358677
-0.378751
-0.401133
-0.412457
-0.434079
-0.436902
-0.409728
-0.403709
-0.402969
-0.418954
-0.417444
-0.434083
-0.435172
-0.406039
-0.414255
-0.41958
-0.414305
-0.426552
-0.416888
-0.424993
-0.441639
-0.43925
-0.438815
-0.432875
-0.442864
-0.435575
-0.407093
-0.413657
-0.397176
-0.355243
-0.374719
-0.391969
-0.372318
-0.35961
-0.38776
-0.372463
-0.392164
-0.402832
-0.402276
-0.35934
-0.386104
-0.397392
-0.41743
-0.399935
-0.429513
-0.414823
-0.373962
-0.376448
-0.338045
-0.299716
-0.327237
-0.386502
-0.391109
-0.410322
-0.428563
-0.427148
-0.426072
-0.422652
-0.428288
-0.43964
-0.443796
-0.430167
-0.438447
-0.439845
-0.438433
-0.441632
-0.44929
-0.430857
-0.443199
-0.440963
-0.424902
-0.443898
-0.442081
-0.425167
-0.406439
-0.401382
-0.432962
-0.408267
-0.429604
-0.436502
-0.412112
-0.426909
-0.417033
-0.430425
-0.420555
-0.423743
-0.435621
-0.440405
-0.435767
-0.411503
-0.429144
-0.426465
-0.431651
-0.430546
-0.437648
-0.435689
-0.417314
-0.436869
-0.418566
-0.44359
-0.443131
-0.435974
-0.4334
-0.436244
-0.434463
-0.421239
-0.412562
-0.396244
-0.387358
-0.368427
-0.342636
-0.361575
-0.370939
-0.374272
-0.378344
-0.379312
-0.412521
-0.411751
-0.390515
-0.383256
-0.38552
-0.370386
-0.339063
-0.353323
-0.349025
-0.337251
-0.31234
-0.319836
-0.325895
-0.348804
-0.333796
-0.339804
-0.342275
-0.33744
-0.333197
-0.349942
-0.361175
-0.370683
-0.362661
-0.365494
-0.36199
-0.344431
-0.305302
-0.277015
-0.313328
-0.263324
-0.236442
-0.257629
-0.274966
-0.29663
-0.273454
-0.290299
-0.347558
-0.323804
-0.343928
-0.359834
-0.345794
-0.316654
-0.276898
-0.283783
-0.281099
-0.330186
-0.332613
-0.364129
-0.329119
-0.341995
-0.332162
-0.338018
-0.326363
-0.316258
-0.316499
-0.310954
-0.308396
-0.318429
-0.305463
-0.288783
-0.275307
-0.255142
-0.232523
-0.270197
-0.285792
-0.299767
-0.305999
-0.294104
-0.293337
-0.293385
-0.286674
-0.295027
-0.284442
-0.281851
-0.286766
-0.254026
-0.249517
-0.227122
-0.145576
-0.130676
-0.0640913
-0.0748514
0.0249432
0.0502079
0.0440477
0.0903498
0.143874
0.209943
0.262701
0.159526
0.226756
0.229234
0.252106
0.233288
0.202791
0.196369
0.262917
0.334152
0.247926
0.205415
0.243701
0.297033
0.223235
0.281245
0.38995
0.366629
0.317267
0.230427
0.169714
0.0402269
0.141179
0.136064
0.156453
0.161313
0.208218
0.214218
0.126443
0.126443
0.144657
0.148511
0.0881778
0.0758045
0.0707028
0.0787858
0.0513272
0.0235391
0.122068
0.16213
0.14821
0.103539
0.115898
0.12402
0.1294
0.0809153
0.0666009
0.0387248
0.0234241
0.00214746
-0.0729213
-0.0270948
0.0342357
0.0409254
0.044112
0.0307084
0.0133512
0.0549135
0.0512037
0.155245
0.0667475
0.0613312
0.0499027
0.130228
0.113705
0.090836
0.0474266
0.0812258
0.0788906
0.0757271
0.105031
0.167671
0.173245
0.177164
0.232461
0.197403
0.277505
0.347528
0.298569
0.261823
0.219837
0.287958
0.243359
0.186586
0.114393
0.128108
0.122012
0.183787
0.193284
0.142597
0.168834
0.263768
0.198762
0.184152
0.213367
0.134289
0.075893
0.165472
0.113706
0.21819
0.305618
0.155641
0.101887
0.231449
0.249604
0.188961
0.102932
0.252114
0.210886
0.219636
0.14373
0.2415
0.313358
0.449482
0.491359
0.568889
0.642495
0.701611
0.833835
0.729602
0.588412
0.534783
0.492597
0.517055
0.498318
0.597124
0.53006
0.401312
0.362725
0.383663
0.342636
0.366939
0.328468
0.254693
0.239414
0.265097
0.215675
0.0883827
0.0479106
0.102388
0.0999054
0.17609
0.314963
0.273169
0.213476
0.176327
0.0994221
0.0648888
0.100819
0.224346
0.288473
0.213472
0.26584
0.284857
0.387556
0.489472
0.366171
0.319837
0.25643
0.194141
0.229927
0.244535
0.190571
0.190855
0.160854
0.107487
0.15851
0.146046
0.172838
0.11159
0.11159
0.22464
0.28049
0.254927
0.362867
0.403221
0.337104
0.42806
0.317435
0.404172
0.33476
0.371207
0.31039
0.324953
0.365086
0.315926
0.402615
0.477301
0.416937
0.370959
0.326798
0.333594
0.264447
0.279433
0.315821
0.408444
0.458671
0.449585
0.382597
0.342023
0.305638
0.328651
0.27299
0.220844
0.171227
0.189802
0.122879
0.0847665
0.147276
0.121749
0.122045
0.0376316
0.0945965
0.140955
0.113507
0.154929
0.136966
0.213013
0.183286
0.183286
0.200393
0.200393
0.200393
0.138605
0.238378
0.201557
0.137227
0.161855
0.218718
0.250677
0.244005
0.26559
0.283863
0.317659
0.259312
0.275259
0.308728
0.247334
0.305922
0.336638
0.289376
0.323202
0.381639
0.397708
0.346664
0.392682
0.369986
0.376925
0.297557
0.411909
0.331394
0.257037
0.259463
0.221533
0.242293
0.184669
0.13778
0.127438
0.139839
0.107303
0.107303
0.110237
0.0355237
0.113851
0.165831
0.133884
0.171804
0.137729
0.23585
0.163652
0.165524
0.136428
0.0642688
0.00377934
0.0710233
0.0755271
0.0755271
0.132334
0.214716
0.184533
0.238172
0.140687
0.0975113
0.0882254
0.0882254
0.141574
0.109461
0.0590955
0.0215642
0.0957349
0.122273
0.144431
0.140519
0.0727526
0.0300644
0.0346544
0.0316928
0.0276351
-0.0191899
-0.0508184
-0.0629703
-0.0252643
-0.0144149
-0.00123736
-0.0437964
-0.0175282
-0.0104107
0.00659297
0.0463893
0.0457846
0.0345724
0.113052
0.153783
0.0944607
0.0519744
0.0422752
-0.00843138
-0.016289
-0.0791607
-0.107482
-0.11063
-0.127265
-0.0835916
-0.13123
-0.135914
-0.107617
-0.0658331
-0.0590862
-0.089978
-0.081647
-0.0444342
-0.024191
-0.0716024
-0.138507
-0.128212
-0.137648
-0.126526
-0.123934
-0.160327
-0.137879
-0.154611
-0.176671
-0.195584
-0.164259
-0.133055
-0.107131
-0.165913
-0.195532
-0.196328
-0.181659
-0.173125
-0.202151
-0.189707
-0.162239
-0.150383
-0.171306
-0.210162
-0.187351
-0.214652
-0.21137
-0.169276
-0.19699
-0.214126
-0.209812
-0.190455
-0.208234
-0.202801
-0.235037
-0.226716
-0.240955
-0.240668
-0.21789
-0.218532
-0.233598
-0.224061
-0.216855
-0.222462
-0.181629
-0.207679
-0.194996
-0.211748
-0.214824
-0.245792
-0.24116
-0.254976
-0.258759
-0.257064
-0.254827
-0.251073
-0.260392
-0.238152
-0.246422
-0.268003
-0.217627
-0.154597
-0.192879
-0.161321
-0.154909
-0.176978
-0.148421
-0.110531
-0.0758875
-0.0933016
-0.135272
-0.14348
-0.151546
-0.155247
-0.150454
-0.147755
-0.143714
-0.165999
-0.198675
-0.148927
-0.15668
-0.166922
-0.178157
-0.210524
-0.153245
-0.144544
-0.194481
-0.250427
-0.269033
-0.200163
-0.220633
-0.281936
-0.257366
-0.227653
-0.289789
-0.30727
-0.336273
-0.312659
-0.34641
-0.386273
-0.390607
-0.347052
-0.368431
-0.332095
-0.332095
-0.269547
-0.311442
-0.319917
-0.363963
-0.330309
-0.334217
-0.341418
-0.385606
-0.404973
-0.392865
-0.375558
-0.395527
-0.422248
-0.428312
-0.4276
-0.434439
-0.437838
-0.438904
-0.427387
-0.418927
-0.389617
-0.383526
-0.377262
-0.36436
-0.345065
-0.302186
-0.273129
-0.338231
-0.34474
-0.263407
-0.320697
-0.308114
-0.33864
-0.374058
-0.368534
-0.311713
-0.304039
-0.356308
-0.296849
-0.258192
-0.320286
-0.368563
-0.346219
-0.315205
-0.273757
-0.261373
-0.239788
-0.192093
-0.0662996
0.0219965
0.166919
0.202257
0.316272
0.187715
0.187715
0.15531
0.15531
0.0445111
0.130575
0.194844
0.209971
0.191465
0.0787332
-0.0363068
0.0330869
0.00525713
0.0189167
0.0159818
-0.0407896
-0.0977165
-0.0764023
-0.11837
-0.0908428
-0.0500184
-0.130759
-0.119338
-0.162539
-0.14046
-0.0702681
0.0146365
-0.00428087
-0.0590375
-0.107184
-0.0756358
-0.0756358
0.0227481
0.00800831
0.104933
0.0522756
0.0117232
0.0240939
-0.0165386
-0.151302
-0.204752
-0.24943
-0.205064
-0.0978757
-0.0545767
-0.139444
-0.184021
-0.0830348
-0.158358
-0.14132
-0.14132
-0.0624839
-0.00960937
0.0790872
0.22047
0.125317
0.140693
0.120348
0.0573422
0.0852972
-0.0169302
-0.0915262
-0.0827196
-0.0312975
-0.140086
-0.135144
-0.135144
-0.207538
-0.188407
-0.208888
-0.209933
-0.156704
-0.171144
-0.181092
-0.242828
-0.242828
-0.189839
-0.155742
-0.103178
-0.125066
-0.217072
-0.256571
-0.1648
-0.236559
-0.19523
-0.184354
-0.184354
-0.192552
-0.09664
-0.0160438
-0.0894143
-0.13942
-0.160423
-0.160423
-0.160423
-0.173446
-0.201096
-0.249207
-0.309778
-0.289517
-0.352982
-0.296795
-0.326779
-0.298392
-0.276696
-0.332833
-0.282497
-0.338789
-0.318588
-0.364679
-0.377326
-0.335601
-0.320469
-0.333058
-0.285885
-0.267488
-0.231354
-0.277383
-0.339455
-0.293523
-0.345157
-0.296832
-0.350293
-0.359037
-0.400087
-0.384156
-0.403438
-0.40936
-0.386984
-0.380731
-0.348765
-0.328167
-0.351471
-0.298182
-0.302059
-0.259
-0.245051
-0.245051
-0.257619
-0.237477
-0.234309
-0.239567
-0.20733
-0.245306
-0.283192
-0.274334
-0.261451
-0.264179
-0.318174
-0.268399
-0.340205
-0.366793
-0.317132
-0.279113
-0.289672
-0.311799
-0.320991
-0.341159
-0.398948
-0.375813
-0.349107
-0.331506
-0.269146
-0.339605
-0.34107
-0.369137
-0.373205
-0.41094
-0.416773
-0.407434
-0.421389
-0.437275
-0.441087
-0.429017
-0.438504
-0.430794
-0.431682
-0.437034
-0.415365
-0.410508
-0.426475
-0.403293
-0.404232
-0.394772
-0.36123
-0.36123
-0.350794
-0.343184
-0.37084
-0.35232
-0.354238
-0.352695
-0.359317
-0.359398
-0.325217
-0.309757
-0.332933
-0.346911
-0.397739
-0.40633
-0.393351
-0.409314
-0.407132
-0.429246
-0.444153
-0.442603
-0.442175
-0.438335
-0.428324
-0.400924
-0.435733
-0.435733
-0.432204
-0.437109
-0.43256
-0.439709
-0.431449
-0.426244
-0.436278
-0.425761
-0.42258
-0.420619
-0.444962
-0.440491
-0.437392
-0.441012
-0.444626
-0.44756
-0.44302
-0.443995
-0.441711
-0.440577
-0.44199
-0.441534
-0.42325
-0.43532
-0.425275
-0.413421
-0.390869
-0.358478
-0.318304
-0.299563
-0.353362
-0.320528
-0.30192
-0.321037
-0.318212
-0.339843
-0.362875
-0.323126
-0.34148
-0.275175
-0.184931
-0.220297
-0.176097
-0.23079
-0.146816
-0.115569
-0.00549561
0.0201107
-0.0777399
0.000684749
-0.0981234
-0.101269
-0.130874
-0.0909878
-0.034339
-0.034339
-0.0139443
-0.0139443
0.110611
0.0827376
0.113488
0.0261292
0.040562
-0.0185579
-0.0592899
-0.0592899
0.0159432
-0.0725992
-0.135005
-0.143859
-0.197113
-0.173139
-0.20926
-0.20926
-0.212903
-0.220382
-0.220382
-0.21586
-0.25164
-0.249523
-0.234958
-0.203442
-0.203442
-0.266711
-0.330044
-0.291131
-0.279848
-0.248561
-0.292337
-0.333278
-0.348273
-0.304453
-0.339698
-0.358235
-0.365409
-0.365409
-0.33968
-0.321575
-0.280892
-0.340488
-0.343062
-0.34544
-0.343318
-0.352141
-0.388528
-0.368502
-0.351281
-0.358135
-0.357193
-0.363308
-0.332574
-0.292158
-0.276199
-0.24828
-0.17152
-0.17152
-0.17152
-0.12838
-0.101401
-0.16422
-0.171618
-0.160465
-0.17845
-0.219934
-0.219934
-0.202722
-0.130681
-0.122909
-0.167733
-0.194995
-0.194995
-0.132515
-0.16056
-0.235535
-0.259866
-0.178246
-0.151192
-0.140382
-0.159805
-0.197393
-0.197393
-0.11755
-0.0836802
-0.0636514
-0.0835207
-0.0402559
-0.0256502
0.00362601
0.0709589
0.0909751
0.0653727
0.0408791
-0.0489185
-0.00103203
-0.0141749
-0.107638
-0.136651
-0.106055
-0.148982
-0.178231
-0.145168
-0.112052
-0.112052
-0.0707415
-0.130845
-0.213542
-0.213542
-0.25944
-0.338414
-0.335888
-0.360741
-0.39961
-0.429628
-0.437655
-0.444997
-0.429854
-0.422286
-0.438887
-0.442869
-0.443333
-0.441935
-0.430301
-0.443593
-0.435977
-0.432483
-0.430511
-0.437459
-0.437986
-0.446745
-0.439974
-0.447136
-0.446196
-0.435236
-0.41428
-0.423242
-0.424973
-0.424714
-0.423693
-0.444373
-0.433913
-0.41945
-0.411763
-0.426123
-0.434739
-0.436185
-0.421881
-0.419511
-0.398266
-0.402183
-0.361358
-0.383623
-0.368378
-0.40158
-0.402609
-0.402609
-0.397377
-0.415438
-0.392197
-0.325439
-0.30856
-0.224509
-0.232505
-0.26659
-0.262113
-0.150532
-0.150532
-0.187854
-0.240535
-0.240535
-0.240535
-0.195743
-0.252381
-0.340857
-0.31058
-0.282374
-0.16381
-0.16381
-0.189114
-0.189114
-0.137975
-0.137975
-0.0890796
-0.0890796
-0.0890796
-0.0890796
-0.186383
-0.240206
-0.240206
-0.276155
-0.271815
-0.271815
-0.332395
-0.393611
-0.413233
-0.400051
-0.36037
-0.323691
-0.310449
-0.310449
-0.320053
-0.290673
-0.381227
-0.365446
-0.365446
-0.346097
-0.377307
-0.404527
-0.385113
-0.356549
-0.388934
-0.372856
-0.372554
-0.349019
-0.339223
-0.339223
-0.297159
-0.271018
-0.181142
-0.147821
-0.118489
-0.186026
-0.200749
-0.22732
-0.184553
-0.228399
-0.228399
-0.193166
-0.193166
-0.205765
-0.24016
-0.198466
-0.211033
-0.189187
-0.220755
-0.248174
-0.222704
-0.228751
-0.290837
-0.309952
-0.309952
-0.296195
-0.304723
-0.324966
-0.300809
-0.305679
-0.292802
-0.30938
-0.287137
-0.298068
-0.284887
-0.299972
-0.300777
-0.317486
-0.299276
-0.317114
-0.323537
-0.317184
-0.331258
-0.341422
-0.353885
-0.375526
-0.379103
-0.402166
-0.404943
-0.426091
-0.405247
-0.392519
-0.406896
-0.383382
-0.391768
-0.407892
-0.405515
-0.404719
-0.418285
-0.435287
-0.424678
-0.423463
-0.425117
-0.428067
-0.440799
-0.442842
-0.445178
-0.43224
-0.415628
-0.415628
-0.415628
-0.436879
-0.436268
-0.436531
-0.427682
-0.439418
-0.444399
-0.44642
-0.439165
-0.429788
-0.432802
-0.408612
-0.430011
-0.419512
-0.419512
-0.415958
-0.415958
-0.431033
-0.447128
-0.432573
-0.437877
-0.430616
-0.424865
-0.413883
-0.422729
-0.424975
-0.427584
-0.430711
-0.416992
-0.416992
-0.416992
-0.425671
-0.405844
-0.439695
-0.430053
-0.44192
-0.443561
-0.438232
-0.438232
-0.412652
-0.352205
-0.341453
-0.397728
-0.413116
-0.423694
-0.423694
-0.427756
-0.424755
-0.422076
-0.370784
-0.374332
-0.341001
-0.382382
-0.382382
-0.34157
-0.342236
-0.342236
-0.319884
-0.35658
-0.35658
-0.392453
-0.404244
-0.43422
-0.440073
-0.432797
-0.425506
-0.409308
-0.361156
-0.354968
-0.397198
-0.418696
-0.434161
-0.425329
-0.427277
-0.433107
-0.437049
-0.437049
-0.435663
-0.434269
-0.418397
-0.417227
-0.433818
-0.414077
-0.42262
-0.413718
-0.415175
-0.407797
-0.425711
-0.43324
-0.450064
-0.450064
-0.441169
-0.442211
-0.438313
-0.4377
-0.43952
-0.439713
-0.426553
-0.413964
-0.40726
-0.40726
-0.431401
-0.396085
-0.408629
-0.411025
-0.41483
-0.417919
-0.417919
-0.436454
-0.409285
-0.409667
-0.4365
-0.425086
-0.393275
-0.429842
-0.444322
-0.442133
-0.422955
-0.426015
-0.439514
-0.438042
-0.438042
-0.435795
-0.42745
-0.42745
-0.404215
-0.413729
-0.412907
-0.417535
-0.417535
-0.390951
-0.390951
-0.390951
-0.41025
-0.419709
-0.406302
-0.418944
-0.406435
-0.377974
-0.397148
-0.397148
-0.387379
-0.360997
-0.353443
-0.325312
-0.327147
-0.3501
-0.371545
-0.329888
-0.275461
-0.275461
-0.270979
-0.199535
-0.152319
-0.152319
-0.203542
-0.261347
-0.261347
-0.245523
-0.245523
-0.273129
-0.296741
-0.256205
-0.267495
-0.280845
-0.311393
-0.306087
-0.306087
-0.306087
-0.315461
-0.342661
-0.355316
-0.340512
-0.339965
-0.339965
-0.369223
-0.373381
-0.364733
-0.398531
-0.416392
-0.416331
-0.433474
-0.433474
-0.431718
-0.428794
-0.431833
-0.443044
-0.445286
-0.444479
-0.438802
-0.438101
-0.43104
-0.43104
-0.42711
-0.433574
-0.437313
-0.423872
-0.434853
-0.434853
-0.435408
-0.435449
-0.442057
-0.441641
-0.429443
-0.432783
-0.430306
-0.433442
-0.424237
-0.435939
-0.433535
-0.429561
-0.434971
-0.426632
-0.425649
-0.431345
-0.437117
-0.437117
-0.405822
-0.381841
-0.381841
-0.359538
-0.412792
-0.4014
-0.408205
-0.421709
-0.38149
-0.363015
-0.398543
-0.398543
-0.419959
-0.43403
-0.411274
-0.411274
-0.427742
-0.43557
-0.447404
-0.434453
-0.44432
-0.439895
-0.424336
-0.424336
-0.408376
-0.389445
-0.409797
-0.400782
-0.398856
-0.398856
-0.416634
-0.441758
-0.428768
-0.439673
-0.43377
-0.436133
-0.437533
-0.444071
-0.442376
-0.43912
-0.443691
-0.443691
-0.443555
-0.432857
-0.440456
-0.440456
-0.436295
-0.432042
-0.432716
-0.440327
-0.430926
-0.431186
-0.433825
-0.439118
-0.435813
-0.426677
-0.426677
-0.428503
-0.40645
-0.428065
-0.432108
-0.440966
-0.431608
-0.421662
-0.445381
-0.442389
-0.426338
-0.434001
-0.432663
-0.430711
-0.409404
-0.403258
-0.378707
-0.378707
-0.406145
-0.393176
-0.393176
-0.400922
-0.400922
-0.427597
-0.417656
-0.417656
-0.417656
-0.419518
-0.397259
-0.397259
-0.397259
-0.391169
-0.391169
-0.391169
-0.347329
-0.325783
-0.297498
-0.297498
-0.297498
-0.291041
-0.275201
-0.275201
-0.306104
-0.304502
-0.338258
-0.382441
-0.389336
-0.413486
-0.382976
-0.347706
-0.347706
-0.290283
-0.290283
-0.297076
-0.297076
-0.344344
-0.351951
-0.296914
-0.28793
-0.305962
-0.258448
-0.30411
-0.300889
-0.300889
-0.317459
-0.317459
-0.351636
-0.364048
-0.361829
-0.361829
-0.361829
-0.361829
-0.39251
-0.385986
-0.375789
-0.375789
-0.375789
-0.370411
-0.336998
-0.317981
-0.327396
-0.350914
-0.386891
-0.383523
-0.366453
-0.340934
-0.347267
-0.367101
-0.367101
-0.367101
-0.373663
-0.347296
-0.380833
-0.344949
-0.332884
-0.324974
-0.324974
-0.367509
-0.374557
-0.400329
-0.426511
-0.426511
-0.420756
-0.430109
-0.435466
-0.435466
-0.435466
-0.440046
-0.423649
-0.434005
-0.432648
-0.434965
-0.435214
-0.424954
-0.436103
-0.434045
-0.434045
-0.422554
-0.43711
-0.43711
-0.443632
-0.443632
-0.436596
-0.434282
-0.434282
-0.433691
-0.436412
-0.420681
-0.420681
-0.428605
-0.439094
-0.439094
-0.428134
-0.42368
-0.421046
-0.419177
-0.392787
-0.388762
-0.388762
-0.388762
-0.376219
-0.397959
-0.379699
-0.396079
-0.413889
-0.419296
-0.419296
-0.419296
-0.440496
-0.429464
-0.437902
-0.432335
-0.439759
-0.444613
-0.445261
-0.445261
-0.437365
-0.444046
-0.440978
-0.43958
-0.440383
-0.44321
-0.44321
-0.440772
-0.429446
-0.44143
-0.43908
-0.445818
-0.440863
-0.440249
-0.434133
-0.438196
-0.44235
-0.437364
-0.434272
-0.425536
-0.425536
-0.425536
-0.434408
-0.43974
-0.437109
-0.437109
-0.435373
-0.443487
-0.44227
-0.44227
-0.443219
-0.443219
-0.443219
-0.441773
-0.432114
-0.428655
-0.429143
-0.429582
-0.43913
-0.445217
-0.44266
-0.44362
-0.44598
-0.437563
-0.44189
-0.438385
-0.438385
-0.426028
-0.396318
-0.410044
-0.417588
-0.435756
-0.442883
-0.442699
-0.442699
-0.435375
-0.435375
-0.438301
-0.438301
-0.445273
-0.446823
-0.443481
-0.439414
-0.44068
-0.436886
-0.434
-0.423969
-0.423969
-0.427929
-0.427918
-0.401975
-0.401975
-0.397523
-0.426768
-0.426768
-0.426768
-0.426768
-0.426768
-0.426768
-0.432412
-0.437013
-0.440081
-0.446357
-0.440783
-0.446412
-0.446412
-0.446412
-0.439541
-0.443054
-0.439258
-0.445793
-0.440198
-0.442039
-0.442268
-0.413754
-0.416873
-0.406367
-0.418108
-0.410916
-0.414253
-0.375313
-0.391875
-0.391875
-0.375543
-0.394459
-0.383734
-0.383734
-0.383734
-0.381161
-0.387277
-0.382677
-0.380662
-0.380662
-0.380662
-0.380662
-0.380662
-0.379628
-0.382115
-0.397941
-0.410636
-0.411871
-0.404444
-0.385815
-0.387507
-0.389064
-0.389064
-0.397261
-0.420567
-0.436279
-0.423301
-0.389378
-0.386706
-0.4094
-0.4094
-0.4094
-0.426139
-0.43854
-0.43854
-0.438687
-0.435085
-0.433478
-0.433478
-0.444724
-0.444724
-0.441292
-0.439746
-0.434772
-0.434772
-0.434772
-0.416171
-0.416171
-0.420282
-0.419822
-0.441601
-0.419954
-0.419954
-0.429301
-0.429301
-0.429301
-0.433434
-0.430551
-0.417668
-0.421639
-0.426079
-0.426079
-0.414566
-0.434783
-0.430986
-0.443098
-0.437129
-0.432738
-0.440501
-0.440501
-0.441241
-0.438708
-0.440236
-0.440236
-0.431251
-0.441187
-0.442428
-0.436927
-0.434713
-0.435188
-0.435188
-0.438283
-0.438283
-0.436234
-0.433993
-0.437133
-0.437133
-0.437133
-0.436121
-0.439911
-0.439911
-0.438691
-0.438912
-0.438912
-0.419692
-0.419692
-0.421349
-0.437623
-0.435978
-0.432452
-0.432452
-0.411094
-0.411094
-0.413928
-0.409451
-0.396714
-0.403266
-0.403266
-0.395137
-0.408838
-0.408838
-0.396983
-0.395035
-0.395035
-0.395035
-0.404314
-0.404314
-0.404314
-0.404314
-0.408367
-0.378076
-0.371802
-0.395246
-0.395246
-0.395246
-0.379597
-0.374054
-0.374054
-0.374054
-0.387701
-0.380952
-0.398503
-0.436151
-0.436151
-0.413106
-0.415057
-0.440105
-0.420118
-0.420118
-0.431185
-0.431185
-0.431185
-0.431185
-0.431185
-0.405595
-0.423176
-0.442691
-0.429401
-0.429401
-0.440444
-0.443002
-0.444854
-0.445094
-0.440924
-0.440924
-0.440924
-0.430509
-0.442228
-0.442228
-0.435493
-0.435118
-0.44166
-0.423565
-0.423565
-0.431951
-0.439249
-0.439249
-0.439249
-0.441632
-0.441632
-0.444583
-0.439885
-0.446516
-0.444174
-0.442271
-0.444151
-0.439974
-0.428054
-0.421148
-0.419931
-0.419931
-0.419931
-0.430903
-0.430903
-0.430903
-0.430903
-0.440497
-0.440497
-0.444655
-0.444655
-0.442767
-0.445962
-0.445962
-0.437747
-0.437852
-0.437852
-0.421852
-0.421852
-0.421852
-0.421852
-0.421852
-0.410183
-0.38861
-0.38861
-0.378041
-0.406113
-0.406113
-0.429536
-0.428607
-0.428607
-0.428607
-0.428607
-0.428607
-0.428607
-0.438699
-0.440148
-0.442867
-0.442867
-0.442867
-0.429329
-0.433556
-0.436723
-0.424841
-0.424841
-0.445088
-0.445088
-0.436928
-0.426703
-0.436817
-0.436817
-0.433555
-0.433555
-0.430342
-0.430342
-0.436796
-0.440775
-0.41715
-0.41715
-0.41715
-0.433476
-0.437043
-0.437043
-0.427065
-0.427065
-0.413256
-0.40828
-0.40828
-0.40828
-0.40828
-0.40828
-0.427299
-0.417938
-0.418675
-0.435885
-0.439998
-0.443001
-0.441944
-0.436375
-0.434151
-0.434151
-0.438167
-0.438167
-0.429412
-0.426821
-0.426821
-0.437812
-0.437812
-0.437812
-0.442374
-0.439095
-0.439095
-0.439095
-0.437486
-0.437486
-0.437486
-0.437486
-0.437486
-0.443706
-0.438699
-0.442737
-0.440184
-0.440184
-0.440184
-0.436698
-0.435762
-0.405063
-0.405063
-0.422899
-0.420378
-0.420378
-0.440966
-0.439956
-0.447777
-0.447777
-0.447777
-0.447777
-0.447777
-0.429691
-0.429691
-0.437381
-0.432735
-0.414797
-0.431892
-0.418578
-0.439555
-0.442063
-0.443331
-0.443807
-0.440817
-0.430964
-0.430964
-0.438501
-0.419543
-0.419543
-0.419543
-0.43604
-0.43604
-0.422168
-0.43842
-0.43842
-0.43842
-0.435549
-0.420499
-0.428373
-0.428373
-0.42035
-0.420216
-0.416486
-0.416486
-0.429095
-0.429095
-0.429095
-0.429095
-0.418693
-0.42268
-0.434029
-0.432289
-0.411993
-0.411159
-0.415793
-0.436495
-0.436495
-0.436495
-0.436495
-0.436495
-0.439803
-0.439803
-0.440633
-0.440633
-0.440633
-0.444201
-0.436935
-0.440939
-0.43891
-0.43891
-0.43891
-0.432667
-0.432667
-0.432667
-0.432667
-0.43497
-0.43087
-0.444713
-0.444713
-0.444713
-0.444713
-0.439236
-0.430226
-0.431944
-0.441624
-0.439499
-0.439499
-0.447024
-0.447024
-0.447024
-0.447024
-0.441061
-0.440437
-0.436303
-0.439015
-0.42234
-0.436012
-0.436012
-0.436012
-0.436012
-0.443841
-0.437323
-0.437323
-0.437323
-0.444954
-0.444954
-0.444954
-0.444954
-0.435983
-0.432509
-0.432509
-0.432022
-0.432022
-0.432022
-0.432022
-0.432022
-0.432022
-0.437046
-0.437046
-0.435176
-0.435176
-0.435176
-0.435176
-0.423386
-0.434617
-0.434617
-0.434617
-0.438999
-0.438999
-0.44156
-0.44156
-0.441186
-0.441186
-0.441186
-0.443037
-0.441877
-0.441877
-0.441877
-0.441877
-0.436502
-0.436502
-0.434417
-0.438674
-0.441888
-0.441888
-0.441888
-0.441888
-0.438601
-0.428636
-0.441782
-0.441782
-0.441782
-0.441782
-0.429435
-0.429435
-0.429435
-0.429435
-0.429885
-0.429885
-0.429885
-0.429885
-0.444328
-0.424404
-0.424404
-0.423912
-0.423998
-0.428699
-0.42923
-0.434876
-0.44409
-0.446977
-0.446977
-0.446977
-0.446977
-0.446977
-0.444102
-0.444102
-0.444102
-0.438133
-0.442122
-0.442425
-0.442425
-0.43832
-0.43832
-0.43832
-0.43832
-0.43832
-0.434243
-0.434243
-0.434243
-0.434243
-0.444764
-0.444764
-0.44591
-0.44503
-0.44503
-0.44503
-0.442641
-0.442641
-0.442641
-0.442526
-0.442526
-0.442526
-0.437505
-0.43514
-0.433
-0.433
-0.446827
-0.446827
-0.446827
-0.446827
-0.446827
-0.446827
-0.446827
-0.445463
-0.445463
-0.445463
-0.445463
-0.445463
-0.445463
-0.445463
-0.445105
-0.445105
-0.442631
-0.427791
-0.427791
-0.427791
-0.427173
-0.436871
-0.436215
-0.436215
-0.437373
-0.44242
-0.44574
-0.44574
-0.438898
-0.442055
-0.441863
-0.441863
-0.441863
-0.434353
-0.446841
-0.446841
-0.443754
-0.443754
-0.443754
-0.443754
-0.443754
-0.443754
-0.443754
-0.443754
-0.443754
-0.443754
-0.443564
-0.443564
-0.443564
-0.443564
-0.442348
-0.441618
-0.441618
-0.440781
-0.440781
-0.440781
-0.440781
-0.432811
-0.432811
-0.446968
-0.444729
-0.444729
-0.441992
-0.444327
-0.437116
-0.437116
-0.437304
-0.439718
-0.446413
-0.446413
-0.446413
-0.446413
-0.446413
-0.441441
-0.445202
-0.445202
-0.445202
-0.445202
-0.445202
-0.442206
-0.442379
-0.442379
-0.442379
-0.436178
-0.436565
-0.436565
-0.436565
-0.436565
-0.429715
-0.441414
-0.441414
-0.441414
-0.441414
-0.441414
-0.437218
-0.437218
-0.437218
-0.437218
-0.437218
-0.437218
-0.437218
-0.437218
-0.437218
-0.437218
-0.437218
-0.437218
-0.441943
-0.441943
-0.440652
-0.440652
-0.440603
-0.440603
-0.440603
-0.433332
-0.444632
-0.440265
-0.448459
-0.448459
-0.448459
-0.448459
-0.448459
-0.448459
-0.448459
-0.448459
-0.448459
-0.448459
-0.448459
-0.448459
-0.44072
-0.44072
-0.44072
-0.44072
-0.44072
-0.44072
-0.44072
-0.435567
-0.435567
-0.443163
-0.443163
-0.443163
-0.443163
-0.443163
-0.443163
-0.441252
-0.447209
-0.447209
-0.447209
-0.447209
-0.447209
-0.447209
-0.447209
-0.447209
-0.447209
-0.44438
-0.44438
-0.44438
-0.441143
-0.436377
-0.436377
-0.436377
-0.438746
-0.438746
-0.438746
-0.438746
-0.438746
-0.438849
-0.437989
-0.437989
-0.437989
-0.437989
-0.437989
-0.443335
-0.443335
-0.443335
-0.443335
-0.443335
-0.443335
-0.443335
-0.437394
-0.437394
-0.437394
-0.434161
-0.43906
-0.446787
-0.446114
-0.446114
-0.446114
-0.446114
-0.446114
-0.446114
-0.446114
-0.446114
-0.446114
-0.447547
-0.447547
-0.447547
-0.447547
-0.447547
-0.447547
-0.447547
-0.439374
-0.442444
-0.442444
-0.442444
-0.44638
-0.44638
-0.44638
-0.44638
-0.443636
-0.443636
-0.443636
-0.443636
-0.444774
-0.444774
-0.444774
-0.444774
-0.446794
-0.446794
-0.446794
-0.446098
-0.446098
-0.446098
-0.446542
-0.446542
-0.446542
-0.446542
-0.446542
-0.446542
-0.446542
-0.446542
-0.446542
-0.44242
-0.443707
-0.443707
-0.443707
-0.443707
-0.448798
-0.448798
-0.448798
-0.448798
-0.448798
-0.448798
-0.448798
-0.448798
-0.448798
-0.448798
-0.448798
-0.448798
-0.448798
-0.448798
-0.448798
-0.442995
-0.442995
-0.442995
-0.442995
-0.442995
-0.442995
-0.442995
-0.44911
-0.44911
-0.44911
-0.44911
-0.44911
-0.44911
-0.44911
-0.44911
-0.44911
-0.44911
-0.44911
-0.44911
-0.44911
-0.44911
-0.44911
-0.44911
-0.44911
-0.44911
-0.44911
-0.44911
-0.44911
-0.44911
-0.44911
-0.44911
-0.44911
-0.44911
-0.44911
-0.44911
-0.44911
-0.44911
-0.44911
-0.44911
-0.44911
-0.44911
-0.44911
-0.44911
-0.44911
-0.44911
-0.44911
-0.44911
-0.44911
-0.44911
-0.44911
-0.44911
-0.44911
-0.44911
-0.44911
-0.44911
-0.44911
-0.44911
-0.44911
-0.44911
-0.445255
-0.445255
-0.445255
-0.445255
-0.445255
-0.445255
-0.445255
-0.445255
-0.445255
-0.445255
-0.445255
-0.445255
-0.439255
-0.439255
-0.431772
-0.431772
-0.431772
-0.428334
-0.428475
-0.436724
-0.436724
-0.436724
-0.436724
-0.436724
-0.436724
-0.436951
-0.443665
-0.443665
-0.443665
-0.443665
-0.444988
-0.444988
-0.444988
-0.444988
-0.444988
-0.444988
-0.438878
-0.438878
-0.440733
-0.440733
-0.439694
-0.438994
-0.438994
-0.438994
-0.438994
-0.445083
-0.443361
-0.443361
-0.443273
-0.443273
-0.441971
-0.444983
-0.444983
-0.444983
-0.444983
-0.444983
-0.444983
-0.444983
-0.444983
-0.444983
-0.444983
-0.444983
-0.444983
-0.444983
-0.444983
-0.444983
-0.444983
-0.444983
-0.444983
-0.444983
-0.444983
-0.444983
-0.444974
-0.444974
-0.444974
-0.443869
-0.44281
-0.446419
-0.446419
-0.446419
-0.446419
-0.446419
-0.446419
-0.446419
-0.446419
-0.446419
-0.446419
-0.446419
-0.446419
-0.446419
-0.446419
-0.446419
-0.446419
-0.446419
-0.446419
-0.446419
-0.446419
-0.446419
-0.446419
-0.446419
-0.445648
-0.445648
-0.444143
-0.444143
-0.444143
-0.446998
-0.446998
-0.446998
-0.446998
-0.446998
-0.446451
-0.446451
-0.446451
-0.446451
-0.446451
-0.446451
-0.446451
-0.446451
-0.446451
-0.446451
-0.446451
-0.446451
-0.446451
-0.447309
-0.447309
-0.447309
-0.447309
-0.447309
-0.447309
-0.447309
-0.447309
-0.447309
-0.447309
-0.447309
-0.447309
-0.447309
-0.447309
-0.447309
-0.447309
-0.447309
-0.447309
-0.447309
-0.447309
-0.447309
-0.447309
-0.447309
-0.448071
-0.448071
-0.448071
-0.448071
-0.448071
-0.441789
-0.441789
-0.441789
-0.441789
-0.442413
-0.442413
-0.442413
-0.442413
-0.442413
-0.442413
-0.442413
-0.442413
-0.442413
-0.443511
-0.443511
-0.443511
-0.443511
-0.445733
-0.445733
-0.443816
-0.440968
-0.440968
-0.445317
-0.445317
-0.445317
-0.441387
-0.441387
-0.441387
-0.441387
-0.442324
-0.441259
-0.441259
-0.441259
-0.441259
-0.441259
-0.437401
-0.437401
-0.441182
-0.441182
-0.442183
-0.444745
-0.444745
-0.444745
-0.444745
-0.446578
-0.446578
-0.446578
-0.446578
-0.446995
-0.446995
-0.446995
-0.446995
-0.446995
-0.446995
-0.446995
-0.446995
-0.446995
-0.446995
-0.446995
-0.446995
-0.446995
-0.446995
-0.446995
-0.446995
-0.446995
-0.446995
-0.446995
-0.446995
-0.446995
-0.446995
-0.446995
-0.446995
-0.446995
-0.446995
-0.446995
-0.446995
-0.446995
-0.446995
-0.446995
-0.446995
-0.446995
-0.446995
-0.446995
-0.446995
-0.446995
-0.446995
-0.446995
-0.446995
-0.446995
-0.446995
-0.446995
-0.446995
-0.446995
-0.446995
-0.446995
-0.446995
-0.446995
-0.446995
-0.446995
-0.446995
-0.446995
-0.446995
-0.446995
-0.446995
-0.446995
-0.446995
-0.446995
-0.446995
-0.446995
-0.446995
-0.446995
-0.446995
-0.446995
-0.446995
-0.446995
-0.446995
-0.446995
-0.446995
-0.446995
-0.446995
-0.446995
-0.446995
-0.45008
-0.45008
-0.45008
-0.45008
-0.45008
-0.45008
-0.45008
-0.45008
-0.45008
-0.45008
-0.45008
-0.45008
-0.45008
-0.45008
-0.45008
-0.45008
-0.45008
-0.45008
-0.45008
-0.45008
-0.45008
-0.45008
-0.45008
-0.45008
-0.45008
-0.45008
-0.45008
-0.45008
-0.45008
-0.45008
-0.45008
-0.45008
-0.45008
-0.45008
-0.45008
-0.45008
-0.45008
-0.45008
-0.45008
-0.45008
-0.45008
-0.45008
-0.45008
-0.45008
-0.45008
-0.45008
-0.45008
-0.45008
-0.45008
-0.45008
-0.45008
-0.45008
-0.45008
-0.45008
-0.45008
-0.45008
-0.45008
-0.45008
-0.45008
-0.45008
-0.45008
-0.45008
-0.45008
-0.45008
-0.45008
-0.45008
-0.45008
-0.45008
-0.45008
-0.45008
-0.45008
-0.45008
-0.45008
-0.45008
-0.45008
-0.45008
-0.45008
-0.45008
-0.45008
-0.45008
-0.45008
-0.45008
-0.45008
-0.45008
-0.45008
-0.45008
-0.45008
-0.45008
-0.45008
-0.45008
-0.45008
-0.45008
-0.45008
-0.45008
-0.45008
-0.45008
-0.45008
-0.45008
-0.45008
-0.45008
-0.45008
-0.45008
-0.45008
-0.45008
-0.45008
-0.45008
-0.45008
-0.45008
-0.45008
-0.45008
-0.45008
-0.45008
-0.45008
-0.45008
-0.45008
-0.45008
-0.45008
-0.45008
-0.45008
-0.45008
-0.45008
-0.45008
-0.45008
-0.45008
-0.45008
-0.45008
-0.45008
-0.45008
-0.45008
-0.45008
-0.45008
-0.45008
-0.45008
-0.45008
-0.45008
-0.45008
-0.45008
-0.45008
-0.45008
-0.45008
-0.45008
-0.45008
-0.45008
-0.45008
-0.45008
-0.45008
-0.45008
-0.45008
-0.45008
-0.45008
-0.45008
-0.45008
-0.45008
-0.45008
-0.45008
-0.45008
-0.45008
-0.45008
-0.45008
-0.45008
-0.45008
-0.45008
-0.45008
-0.45008
-0.45008
-0.45008
-0.45008
-0.45008
-0.45008
-0.45008
-0.45008
-0.45008
-0.45008
-0.45008
-0.45008
-0.45008
-0.45008
-0.45008
-0.45008
-0.45008
-0.45008
-0.45008
-0.45008
-0.45008
-0.45008
-0.45008
-0.45008
-0.45008
-0.45008
-0.45008
-0.45008
-0.45008
-0.45008
-0.45008
-0.45008
-0.45008
-0.45008
-0.45008
-0.45008
-0.45008
-0.45008
-0.45008
-0.45008
-0.45008
-0.45008
-0.45008
-0.45008
-0.45008
-0.45008
-0.45008
-0.45008
-0.45008
-0.45008
-0.45008
-0.45008
-0.45008
-0.45008
-0.45008
-0.45008
-0.45008
-0.45008
-0.45008
-0.45008
-0.45008
-0.45008
-0.45008
-0.45008
-0.45008
-0.45008
-0.45008
-0.45008
-0.45008
-0.45008
-0.45008
-0.45008
-0.45008
-0.45008
-0.45008
-0.45008
-0.45008
-0.45008
-0.45008
-0.45008
-0.45008
-0.45008
-0.45008
-0.45008
-0.45008
-0.45008
-0.45008
-0.45008
-0.45008
-0.45008
-0.45008
-0.45008
-0.45008
-0.45008
-0.45008
-0.45008
-0.45008
-0.45008
-0.45008
-0.45008
-0.45008
-0.45008
-0.45008
-0.45008
-0.45008
-0.45008
-0.45008
-0.45008
-0.45008
-0.45008
-0.45008
-0.45008
-0.45008
-0.45008
-0.45008
-0.45008
-0.45008
-0.45008
-0.45008
-0.45008
-0.45008
-0.45008
-0.45008
-0.45008
-0.45008
-0.45008
-0.45008
-0.45008
-0.45008
-0.45008
-0.45008
-0.45008
-0.45008
-0.45008
-0.45008
-0.45008
-0.45008
-0.45008
-0.45008
-0.45008
-0.45008
-0.45008
-0.45008
-0.45008
-0.45008
-0.45008
-0.45008
-0.45008
-0.45008
-0.45008
-0.45008
-0.45008
-0.45008
-0.45008
-0.45008
-0.45008
-0.45008
-0.45008
-0.45008
-0.45008
-0.45008
-0.45008
-0.45008
-0.45008
-0.45008
-0.45008
-0.45008
-0.45008
-0.45008
-0.45008
-0.45008
-0.45008
-0.45008
-0.45008
-0.45008
-0.45008
-0.45008
-0.45008
-0.45008
-0.45008
-0.45008
-0.45008
-0.45008
-0.45008
-0.45008
-0.45008
-0.45008
-0.45008
-0.45008
-0.45008
-0.45008
-0.45008
-0.45008
-0.45008
-0.45008
-0.45008
-0.45008
-0.45008
-0.45008
-0.45008
-0.45008
-0.45008
-0.45008
-0.45008
-0.45008
-0.45008
-0.45008
-0.45008
-0.45008
-0.45008
-0.45008
-0.45008
-0.45008
-0.45008
-0.45008
-0.45008
-0.45008
-0.45008
-0.45008
-0.45008
-0.45008
-0.45008
-0.45008
-0.45008
-0.45008
-0.45008
-0.45008
-0.45008
-0.45008
-0.45008
-0.45008
-0.45008
-0.45008
-0.45008
-0.45008
-0.45008
-0.45008
-0.45008
-0.45008
-0.45008
-0.45008
-0.45008
-0.45008
-0.45008
-0.45008
-0.45008
-0.45008
-0.45008
-0.45008
-0.45008
-0.45008
-0.45008
-0.45008
-0.45008
-0.45008
-0.45008
-0.45008
-0.45008
-0.45008
-0.45008
-0.45008
-0.45008
-0.45008
-0.450401
-0.450401
-0.450401
-0.450401
-0.450401
-0.450401
-0.450401
-0.450401
-0.450401
-0.450401
-0.450401
-0.450401
-0.450401
-0.450401
-0.450401
-0.450401
-0.450401
-0.450401
-0.450401
-0.450401
-0.450401
-0.450401
-0.450401
-0.450401
-0.450401
-0.450401
-0.450401
-0.450401
-0.450401
-0.450401
-0.450401
-0.450401
-0.450401
-0.450401
-0.450401
-0.450401
-0.450401
-0.450401
-0.450401
-0.450401
-0.450401
-0.450401
-0.450401
-0.450401
-0.450401
-0.450401
-0.450401
-0.450401
-0.450401
-0.450401
-0.450401
-0.450401
-0.450401
-0.450401
-0.450401
-0.450401
-0.450401
-0.450401
-0.450401
-0.450401
-0.450401
-0.450401
-0.450401
-0.450401
-0.450401
-0.450401
-0.450401
-0.450401
-0.450401
-0.450401
-0.450401
-0.450401
-0.450401
-0.450401
-0.450401
-0.450401
-0.450401
-0.450401
-0.450401
-0.450401
-0.450401
-0.450401
-0.450401
-0.450401
-0.450401
-0.450401
-0.450401
-0.450401
-0.450401
-0.450401
-0.450401
-0.450401
-0.450401
-0.450401
-0.450401
-0.450401
-0.450401
-0.450401
-0.450401
-0.450401
-0.450401
-0.450401
-0.450401
-0.450401
-0.450401
-0.450401
-0.450401
-0.450401
-0.450401
-0.450401
-0.450401
-0.450401
-0.450401
-0.450401
-0.450401
-0.450401
-0.450401
-0.450401
-0.450401
-0.450401
-0.450401
-0.450401
-0.450401
-0.450401
-0.450401
-0.450401
-0.450401
-0.450401
-0.450401
-0.450401
-0.450401
-0.450401
-0.450401
-0.450401
-0.450401
-0.450401
-0.450401
-0.450401
-0.450401
-0.450401
-0.450401
-0.450401
-0.450401
-0.450401
-0.450401
-0.450401
-0.450401
-0.450401
-0.450401
-0.450401
-0.450401
-0.450401
-0.450401
-0.450401
-0.450401
-0.450401
-0.450401
-0.450401
-0.450401
-0.450401
-0.450401
-0.450401
-0.450401
-0.450401
-0.450401
-0.450401
-0.450401
-0.450401
-0.450401
-0.450401
-0.450401
-0.450401
-0.450401
-0.450401
-0.450401
-0.450401
-0.450401
-0.450401
-0.450401
-0.450401
-0.450401
-0.450401
-0.450401
-0.450401
-0.450401
-0.450401
-0.450401
-0.450401
-0.450401
-0.450401
-0.450401
-0.450401
-0.450401
-0.450401
-0.450401
-0.450401
-0.450401
-0.450401
-0.450401
-0.450401
-0.450401
-0.450401
-0.450401
-0.450401
-0.450401
-0.450401
-0.450401
-0.450401
-0.450401
-0.450401
-0.450401
-0.450401
-0.450401
-0.450401
-0.450401
-0.450401
-0.450401
-0.450401
-0.450401
-0.450401
-0.450401
-0.450401
-0.450401
-0.450401
-0.450401
-0.450401
-0.450401
-0.450401
-0.450401
-0.450401
-0.450401
-0.450401
-0.450401
-0.450401
-0.450401
-0.450401
-0.450401
-0.450401
-0.450401
-0.450401
-0.450401
-0.450401
-0.450401
-0.450401
-0.450401
-0.450401
-0.450401
-0.450401
-0.450401
-0.450401
-0.450401
-0.450401
-0.450401
-0.450401
-0.450401
-0.450401
-0.450401
-0.450401
-0.450401
-0.450401
-0.450401
-0.450401
-0.450401
-0.450401
-0.450401
-0.450401
-0.450401
-0.450401
-0.450401
-0.450401
-0.450401
-0.450401
-0.450401
-0.450401
-0.450401
-0.450401
-0.450401
-0.450401
-0.450401
-0.450401
-0.450401
-0.450401
-0.450401
-0.450401
-0.450401
-0.450401
-0.450401
-0.450401
-0.450401
-0.450401
-0.450401
-0.450401
-0.450401
-0.450401
-0.450401
-0.450401
-0.450401
-0.450401
-0.450401
-0.450401
-0.450401
-0.450401
-0.450401
-0.450401
-0.450401
-0.450401
-0.450401
-0.450401
-0.450401
-0.450401
-0.450401
-0.450401
-0.450401
-0.450401
-0.450401
-0.450401
-0.450401
-0.450401
-0.450401
-0.450401
-0.450401
-0.450401
-0.450401
-0.450401
-0.450401
-0.450401
-0.450401
-0.450401
-0.450401
-0.450401
-0.450401
-0.450401
-0.450401
-0.450401
-0.450401
-0.450401
-0.450401
-0.450401
-0.450401
-0.450401
-0.450401
-0.450401
-0.450401
-0.450401
-0.450401
-0.450401
-0.450401
-0.450401
-0.450401
-0.450401
-0.450401
-0.450401
-0.450401
-0.450401
-0.450401
-0.450401
-0.450401
-0.450401
-0.450401
-0.450401
-0.450401
-0.450401
-0.450401
-0.450401
-0.450401
-0.450401
-0.450401
-0.450401
-0.450401
-0.450401
-0.450401
-0.450401
-0.450401
-0.450401
-0.450401
-0.450401
-0.450401
-0.450401
-0.450401
-0.450401
-0.450401
-0.450401
-0.450401
-0.450401
-0.450401
-0.450401
-0.450401
-0.450401
-0.450401
-0.450401
-0.450401
-0.450401
-0.450401
-0.450401
-0.450401
-0.450401
-0.450401
-0.450401
-0.450401
-0.450401
-0.450401
-0.450401
-0.450401
-0.450401
-0.450401
-0.450401
-0.450401
-0.450401
-0.450401
-0.450401
-0.450401
-0.450401
-0.450401
-0.450401
-0.450401
-0.450401
-0.450401
-0.450401
-0.450401
-0.450401
-0.450401
-0.450401
-0.450401
-0.450401
-0.450401
-0.450401
-0.450401
-0.450401
-0.450401
-0.450401
-0.450401
-0.450401
-0.450401
-0.450401
-0.450401
