        15.4286              0
        15.5376       0.109017
        15.0174       0.523968
        15.1455       0.392012
        15.0169       0.329759
        15.0332       0.269744
        15.0982       0.237049
        15.0713        0.20704
        15.0533        0.18348
        15.0541       0.164112
        15.0678       0.149068
        15.0031        0.15065
        14.9798       0.140522
        15.0784       0.163204
        15.0546       0.153788
        15.0579       0.143894
        15.0435       0.135928
        15.0186       0.130551
        15.0359       0.124692
        15.0878        0.12917
        15.0796       0.123139
        15.1156       0.122828
        15.0674       0.126896
        15.0518       0.122492
        15.0132       0.123647
        14.9963       0.119998
        14.9894       0.115673
        14.9837       0.111611
          14.97       0.108559
        14.9845       0.105871
        14.9634       0.104555
        14.9799       0.102576
        14.9821      0.0994429
        14.9925      0.0970356
        14.9923      0.0942226
        15.0221      0.0962699
        15.0214      0.0936339
        15.0218      0.0911371
        15.0277      0.0889695
        15.0358      0.0870937
        15.0419      0.0851619
        15.0311      0.0838105
        15.0106      0.0843814
        15.0083      0.0824731
         15.029      0.0832424
        15.0219      0.0817234
        15.0171       0.080108
        15.0427      0.0824957
        15.0445       0.080814
        15.0255      0.0814292
        15.0308       0.079991
        15.0415       0.079163
        15.0574      0.0792698
        15.0445       0.078846
        15.0661      0.0803556
        15.0467      0.0812599
        15.0616      0.0812023
        15.0611      0.0797916
        15.0483      0.0794617
         15.055      0.0784119
        15.0432      0.0780159
        15.0483      0.0769202
        15.0375      0.0764646
        15.0315      0.0754991
        15.0294      0.0743569
         15.041      0.0741364
        15.0445      0.0731039
        15.0508      0.0722989
        15.0775       0.076052
        15.0747      0.0750098
        15.0632      0.0748304
         15.077      0.0750688
        15.0859      0.0745599
         15.089      0.0736136
        15.0951       0.072882
        15.0814      0.0732125
        15.0741      0.0726207
        15.0725      0.0717031
         15.073      0.0707918
        15.0681      0.0700773
        15.0465       0.072494
        15.0449      0.0716224
        15.0476      0.0708054
        15.0449      0.0700077
         15.043       0.069206
        15.0506      0.0688216
        15.0567       0.068295
        15.0535      0.0675906
        15.0607      0.0672124
        15.0643      0.0665591
         15.056      0.0663442
        15.0544      0.0656374
        15.0548      0.0649287
        15.0478      0.0646083
        15.0459      0.0639531
        15.0503      0.0634323
        15.0545       0.062916
        15.0586       0.062407
        15.0575      0.0617838
        15.0587      0.0611755