        5.57217              0
        5.67181      0.0996397
        5.61619      0.0800155
         5.6063      0.0574381
        5.62141       0.046988
         5.5754       0.059906
        5.49815      0.0923631
        5.50593      0.0803667
        5.54648       0.081657
        5.55683       0.073765
        5.51591        0.07827
        5.51715      0.0714611
        5.50436      0.0669677
        5.51155      0.0624163
        5.49852        0.05955
        5.50157      0.0557876
        5.49188      0.0532926
        5.50321      0.0515067
        5.48927      0.0506751
        5.50371      0.0501949
        5.50708      0.0478637
        5.47603      0.0551945
        5.47629      0.0527408
        5.48465      0.0511828
        5.45985      0.0550025
        5.45296      0.0532916
         5.4528      0.0512801
        5.46685      0.0513733
        5.45772      0.0504028
        5.44785      0.0496838
        5.45073      0.0481403
        5.44583      0.0468679
        5.45226      0.0458778
        5.45951      0.0450945
        5.45121       0.044566
        5.44953       0.043343
        5.43705      0.0439632
        5.42861      0.0436158
        5.41433      0.0448185
        5.42435      0.0448181
        5.42554      0.0437274
        5.42984      0.0428896
        5.43108      0.0418989
        5.43015      0.0409462
        5.44409      0.0423842
        5.45274      0.0423452
        5.44652      0.0418989
        5.44559      0.0410273
        5.44546      0.0401815
        5.45166      0.0398564
        5.45117      0.0390702
        5.44859      0.0383979
        5.44482      0.0378548
         5.4588      0.0396899
        5.46085      0.0390154
        5.45043      0.0397048
        5.45008      0.0390035
         5.4497      0.0383271
        5.44386      0.0381212
        5.44763      0.0376695
        5.44778      0.0370471
        5.44784      0.0364447
         5.4529      0.0362177
        5.45162      0.0356704
        5.44724      0.0353896
         5.4511      0.0350623
        5.45513      0.0347699
        5.45682      0.0342963
        5.46095      0.0340471
        5.45848      0.0336483
        5.45503      0.0333494
        5.45454      0.0328866
        5.44852      0.0329873
        5.44612      0.0326269
        5.44782      0.0322338
        5.45132       0.031998
        5.45305      0.0316273
        5.45988      0.0319574
        5.46173      0.0316047
        5.45644      0.0316525
        5.46293      0.0319245
        5.46543      0.0316317
        5.46652      0.0312675
        5.46812      0.0309341
        5.46131      0.0313178
        5.45656      0.0313124
        5.45453       0.031017
        5.45411      0.0306654
        5.45466      0.0303239
        5.45478      0.0299853
         5.4563      0.0296929
        5.45756      0.0293956
        5.46001      0.0291809
        5.45822      0.0289244
        5.46505      0.0294216
        5.47257      0.0300688
        5.47264      0.0297573
         5.4795       0.030239
        5.47999       0.029936
         5.4779      0.0297088