        14.6921              0
        15.4079       0.715803
        15.4432       0.414769
        15.4099       0.295162
        15.2096       0.303981
        15.0664       0.286571
        15.2547       0.306789
        15.3239       0.274569
         15.191       0.276264
        15.1565       0.249485
        15.1146       0.229535
        15.1189       0.209581
        15.0911        0.19479
        15.0848       0.180451
        15.0461       0.172388
        15.0986       0.169592
        15.0873       0.159702
        15.0152       0.166951
        14.9963       0.159046
        14.9716       0.152898
        14.9834       0.145913
        14.9859       0.139145
        14.9859       0.132957
        15.0011       0.128212
        15.0103       0.123315
        14.9804       0.122179
        14.9849       0.117651
        14.9725       0.114044
        14.9674        0.11016
         14.972       0.106522
        14.9805        0.10338
        14.9554       0.103185
        14.9549       0.100011
        14.9521      0.0970637
         14.969      0.0957531
         14.974      0.0931908
        14.9795      0.0908019
        15.0027        0.09136
        15.0107      0.0893476
        15.0115      0.0870892
         15.001       0.085587
        15.0074      0.0837668
        15.0259      0.0838707
        15.0336      0.0823075
        15.0152      0.0825461
        15.0135      0.0807488
        15.0231      0.0795902
        14.9984      0.0817319
        14.9933      0.0802115
        14.9767      0.0803192
        14.9718      0.0788798
        14.9702      0.0773656
        14.9665      0.0759817
        14.9558      0.0753259
        14.9572      0.0739568
        14.9538      0.0726999
        14.9408      0.0725888
        14.9597      0.0737897
        14.9737      0.0738534
        14.9753      0.0726306
        14.9846      0.0720264
        14.9744      0.0715841
        14.9814      0.0707876
        14.9895      0.0701404
        14.9787      0.0698889
        14.9755      0.0688958
        14.9845      0.0684484
        14.9787      0.0676823
        14.9831       0.066843
        14.9875      0.0660278
        14.9916      0.0652177
        14.9967      0.0645109
        15.0054      0.0642049
        15.0101      0.0635049
        15.0173      0.0630665
        15.0372      0.0653454
        15.0296      0.0649447
        15.0202      0.0647844
        15.0003      0.0669826
        14.9994      0.0661461
        15.0258      0.0704642
        15.0271      0.0696112
        15.0313       0.068893
         15.031      0.0680686
        15.0242      0.0676024
        15.0102      0.0682526
         15.011      0.0674682
         15.012       0.066704
        15.0113      0.0659541
        15.0054      0.0654834
        15.0085      0.0648369
         14.992      0.0662223
        14.9982      0.0657999
        14.9993      0.0651046
        14.9926      0.0647637
        14.9901      0.0641336
        14.9883      0.0634946
        14.9913      0.0629161
        14.9931      0.0623021
        14.9939      0.0616819