        5.91114              0
        5.54841        0.36273
        5.49897       0.215179
        5.50493       0.152271
        5.48568        0.11951
        5.49965      0.0985749
        5.46927      0.0886782
        5.40885      0.0977132
        5.43052      0.0888566
        5.42778       0.079523
        5.42034      0.0723143
        5.41526      0.0662093
        5.41136      0.0610283
        5.44244      0.0644858
        5.42572      0.0623174
        5.42475      0.0583008
         5.4304      0.0550548
        5.42736      0.0519952
         5.4438      0.0518595
        5.46449      0.0533695
        5.46499      0.0507671
        5.46785      0.0484885
        5.47468      0.0468335
         5.4566      0.0483456
        5.45774      0.0463854
        5.46521      0.0451871
        5.45868      0.0439695
        5.44837      0.0436067
         5.4635      0.0447152
        5.46464      0.0432141
        5.46074      0.0419784
        5.45231      0.0415113
        5.46403      0.0419075
        5.45261        0.04223
        5.44597      0.0415407
        5.44833      0.0404392
        5.45035      0.0393831
        5.44287      0.0390549
        5.46187      0.0425182
        5.47441       0.043297
        5.47483      0.0422299
         5.4849      0.0424239
        5.48391      0.0414373
        5.49285      0.0414591
        5.50593      0.0425858
        5.49658      0.0426872
        5.48895      0.0424587
        5.48257      0.0420523
        5.48137      0.0412025
        5.49232      0.0418275
        5.49012      0.0410584
        5.48567       0.040506
        5.48091      0.0400182
        5.47411      0.0398543
        5.47562      0.0391519
        5.46815      0.0391656
        5.47407      0.0389263
        5.48222      0.0391067
        5.48392       0.038476
        5.48873      0.0381336
        5.48965      0.0375146
        5.48982      0.0369049
        5.48454      0.0366965
        5.48182       0.036221
        5.48113       0.035666
          5.485      0.0353347
        5.48683       0.034851
        5.49248      0.0347972
        5.49344      0.0343026
        5.48412       0.035071
        5.48437      0.0345744
        5.48761      0.0342444
         5.4861      0.0338058
        5.48371      0.0334315
        5.48355       0.032983
        5.48081      0.0326617
         5.4819      0.0322531
        5.48294      0.0318539
          5.481      0.0315079
        5.47857      0.0312063
        5.48627      0.0317656
        5.48393      0.0314625
        5.48115      0.0312053
        5.47905      0.0309033
        5.48071      0.0305826
        5.47421      0.0309155
        5.47429      0.0305582
        5.46984      0.0305351
        5.46872      0.0302109
        5.46245      0.0305253
        5.45941      0.0303398
        5.46049      0.0300273
        5.45956      0.0297171
        5.46127      0.0294488
        5.46465      0.0293323
        5.46834      0.0292588
        5.47191      0.0291758
        5.47395      0.0289483
        5.47233      0.0287001
        5.47047      0.0284723