       0.880005              0
       0.880304    0.000299379
       0.931729      0.0514257
        0.96759      0.0510713
       0.954136      0.0417847
       0.950128      0.0343517
       0.934732      0.0328621
       0.930805      0.0287291
       0.939101      0.0266603
       0.940774      0.0239043
       0.934367      0.0225517
       0.928812      0.0213229
       0.936494      0.0210646
       0.928324      0.0211439
       0.918344      0.0220693
       0.923232      0.0212147
       0.916145      0.0211506
       0.917131      0.0199653
       0.914171      0.0191158
       0.910871      0.0184327
       0.912878      0.0176475
       0.911039      0.0169264
       0.914873       0.016622
       0.919331       0.016527
        1.02333       0.105201
        1.02429       0.101079
        1.02258       0.097278
        1.01915      0.0938021
        1.01581      0.0905715
        1.01482       0.087506
        1.00993      0.0847772
        1.00479      0.0822459
        1.00486      0.0797146
        1.00953      0.0774756
        1.00861      0.0752351
        1.00231      0.0733857
        1.00145      0.0713799
        1.00075      0.0694796
       0.998785      0.0677033
       0.993231      0.0662223
       0.989253      0.0647093
       0.984395      0.0633364
       0.979365      0.0620501
       0.975725      0.0607327
       0.972582      0.0594509
       0.974574      0.0581782
       0.976281      0.0569525
       0.972473      0.0558833
       0.969324      0.0548214
       0.968341      0.0537228
       0.968532      0.0526592
       0.968586      0.0516366
       0.977436      0.0514202
       0.978555      0.0504714
       0.978733      0.0495456
       0.975555      0.0487565
       0.973365      0.0479435
       0.981924      0.0478809
       0.979701      0.0471148
       0.980531      0.0463303
       0.978782       0.045598
       0.978962      0.0448569
       0.976502      0.0442077
       0.973204      0.0436363
       0.971027      0.0430148
       0.968036      0.0424635
       0.973395      0.0421668
       0.974739      0.0415638
       0.975203      0.0409596
       0.974609      0.0403746
       0.973415      0.0398198
        0.97435       0.039274
       0.975066      0.0387389
       0.972677      0.0382864
       0.981151      0.0387114
       0.981844      0.0382049
       0.980979      0.0377154
       0.981644      0.0372347
       0.981245      0.0367625
       0.982575      0.0363245
       0.982782      0.0358738
       0.980219      0.0355262
       0.982178      0.0351502
       0.982707      0.0347332
       0.980625      0.0343852
       0.981278      0.0339893
       0.977788      0.0337772
       0.976216      0.0334281
       0.975345      0.0330618
       0.974673      0.0326993
       0.973216      0.0323708
       0.971725      0.0320517
       0.971861      0.0317055
        0.97143      0.0313694
       0.970893       0.031042
       0.969811       0.030736
       0.968016      0.0304705
       0.966341      0.0302044
       0.965425      0.0299117
        0.96654      0.0296321