0.835571 -0.390405 -0.386529
0.89732 -0.955376 -1.20933
0.813662 -0.721037 -0.240777
0.291774 -0.590863 0.602245
0.552318 0.303983 0.964692
0.272165 0.562942 0.040325
0.442076 -0.347894 0.416501
-0.116154 -0.962884 0.973427
0.602293 -0.749035 1.63532
-0.350671 -0.620112 1.36102
-0.59735 -0.0556797 2.14878
-0.484908 0.923866 1.98191
-1.44803 0.838291 1.72683
-2.42988 0.743303 1.56262
-3.34036 0.783765 1.15106
-2.86199 1.08745 1.97504
-2.21562 1.4229 2.66037
-1.50051 0.874689 2.22668
-1.0999 1.3584 1.44852
-0.293488 0.794709 1.62728
-0.489388 1.73617 1.35294
-0.821596 2.67812 1.4016
-0.38312 3.24885 2.09587
-0.860768 3.55584 1.2727
-0.370587 2.69539 1.13357
0.350664 3.30876 1.4554
-0.559347 3.43668 1.06105
-0.338143 4.40875 1.13936
-0.651235 5.1959 1.67076
-0.927501 5.85494 2.37028
-1.2564 5.39437 3.19472
-0.460994 4.99171 2.74174
-1.0061 4.95788 3.57943
-1.28068 5.07383 2.62488
-1.3975 4.80076 1.67
-1.05837 5.57976 2.1974
-1.29872 4.8395 1.56951
-1.29664 5.05856 0.593806
-0.890839 5.92612 0.306295
-1.74585 6.26798 -0.0836802
-2.6002 6.56384 -0.510955
-2.78931 6.14746 -1.40026
-3.71269 5.80255 -1.23173
-3.25335 4.96755 -1.53467
-3.63275 4.23353 -2.09794
-4.43097 4.83551 -2.11948
-4.50956 3.91122 -1.74595
-5.40475 4.22339 -2.06405
-6.26788 4.10286 -1.57365
-6.85747 3.30792 -1.71662
-7.76966 2.937 -1.54245
-8.50993 3.59923 -1.6584
-8.54811 4.02425 -2.56278
-8.7051 3.19221 -2.03074
-7.97258 3.85326 -2.19329
-8.96127 3.78443 -2.06004
-8.13173 3.99261 -2.57823
-7.72239 4.22703 -1.69648
-7.59962 3.33771 -1.25598
-7.91973 2.67153 -0.582385
-8.85787 2.78932 -0.256786
-9.51335 2.0561 -0.0758276
-9.44438 2.76472 0.626379
-9.15901 3.6049 1.08752
-9.80175 3.80054 0.346841
-8.94877 3.2954 0.215473
-8.86843 3.54889 1.17947
-8.68568 3.31804 2.13514
-7.81287 3.63303 2.50796
-6.82108 3.74273 2.5737
-6.9477 4.41736 1.84648
-7.92446 4.5603 2.00616
-7.73755 3.76875 2.58798
-6.79906 4.0769 2.43214
-6.71225 3.63059 3.3228
-5.96616 3.98287 2.75777
-6.62515 4.65849 2.42722
-7.61945 4.7189 2.51508
-7.72894 4.4215 1.56663
-6.88341 4.4889 2.09629
-6.05801 5.03745 1.96287
-6.71486 4.98011 2.71471
-6.9532 4.21135 2.12125
-7.47004 5.02188 2.39674
-7.91936 4.12872 2.41631
-8.82839 4.16972 2.83101
-9.52918 4.45327 2.17642
-9.55742 5.35479 1.7446
-9.29778 4.69292 2.44782
-9.21196 5.3315 1.68307
-9.79942 6.10017 1.93613
-9.70345 6.97231 1.45637
-9.14253 7.79721 1.52637
-8.99684 8.42654 2.28974
-9.94981 8.24715 2.04544
-9.96653 7.85876 1.1241
-10.5859 8.61389 0.909355
-10.4551 9.48159 0.429805
-11.3427 9.04056 0.562546
-11.7161 8.99846 1.48926
