              1              0
        1.41138     0.00124042
        1.73081     0.00177405
        1.99749     0.00219083
        2.23209     0.00283356
        2.44479     0.00273657
        2.64158     0.00287386
        2.82374     0.00314152
        2.99524     0.00350619
        3.15637     0.00369203
        3.31085     0.00407979
        3.45423     0.00453391
        3.59475     0.00455433
        3.72869     0.00468287
        3.86235     0.00509737
        3.98833     0.00541935
        4.11233     0.00542144
        4.23023     0.00540905
        4.34444     0.00549533
        4.45704     0.00586876
        4.56653     0.00590055
        4.67326     0.00583908
        4.77942       0.006087
        4.88401      0.0062051
        4.98562     0.00631592
        5.08582     0.00641348
        5.18601     0.00647809
        5.28307     0.00642715
        5.37801     0.00674226
        5.46924     0.00710159
        5.55931     0.00718795
        5.65119     0.00703696
        5.73742     0.00740116
        5.82046     0.00770605
        5.90491     0.00805755
        5.99169     0.00806407
        6.07383     0.00823438
        6.15321     0.00827841
        6.23224     0.00843915
        6.31404     0.00869023
        6.39039     0.00848425
        6.46771     0.00863147
        6.54361     0.00883426
        6.61993     0.00903452
        6.69549      0.0092175
          6.768     0.00917192
        6.84125     0.00890748
        6.91156     0.00897979
        6.98388     0.00892796
        7.05324     0.00879377
        7.12354     0.00875279
         7.1952     0.00866761
        7.26668     0.00880753
        7.33297     0.00850574
        7.40188     0.00845738
        7.46628     0.00852242
        7.53144     0.00872286
        7.59851     0.00879308
         7.6638     0.00874163
         7.7258     0.00887359
        7.79011     0.00894693
        7.85646     0.00897999
        7.91829       0.008917
        7.98398     0.00873454
        8.04566     0.00876205
        8.10735     0.00868278
        8.16794     0.00881724
        8.22792     0.00875445
        8.29021      0.0088845
        8.35212     0.00903303
        8.41287     0.00871787
        8.47001     0.00864489
        8.52579     0.00927624
        8.58716     0.00933542
        8.64767     0.00951167
        8.70344     0.00942215
        8.76001     0.00924947
        8.81603     0.00949433
        8.87072     0.00930838
         8.9252     0.00937586
        8.98078     0.00937169
        9.03796     0.00930405
        9.09204     0.00898325
         9.1456     0.00888794
        9.20101     0.00895301
        9.25049     0.00868195
        9.30929     0.00882054
        9.35821     0.00914898
        9.41325     0.00894757
         9.4663     0.00937173
        9.51867      0.0095883
         9.5717     0.00973985
        9.62417      0.0100708
         9.6756      0.0100296
        9.72868      0.0101213
        9.77996     0.00996807
        9.83145       0.010251
        9.88072      0.0101966
        9.93206      0.0100425
        9.98351       0.010089
