        10.0326              0
        10.0762      0.0435396
        10.0462      0.0392873
        10.0382      0.0289159
        10.0136      0.0333227
        9.96061      0.0597775
        9.96691      0.0508806
        9.97307      0.0444658
        9.95309       0.044093
        9.95298      0.0394385
        9.93935       0.038238
        9.93338       0.035434
        9.93877       0.033019
        9.94168      0.0306994
        9.94556      0.0288302
        9.95232      0.0277843
        9.97219      0.0327499
        9.97947      0.0317015
        9.98672      0.0308285
         9.9873      0.0292505
         9.9911      0.0280707
        9.98833      0.0269149
        9.98602      0.0258277
        9.99186      0.0253936
        9.98934      0.0244924
        9.99026      0.0235473
        9.98685      0.0229218
        9.99156      0.0225742
        9.98959      0.0218746
        9.98761      0.0212303
        9.98656       0.020563
        9.98683      0.0199113
        9.98492       0.019397
         9.9866      0.0188901
        9.98645      0.0183433
        9.98492      0.0178953
        9.98517      0.0174063
        9.98591      0.0169569
         9.9844      0.0165875
         9.9842      0.0161691
        9.99122      0.0172536
        9.99332      0.0169637
         9.9948      0.0166287
        9.99354      0.0162976
         9.9928      0.0159495
        9.99037      0.0157918
        9.99039      0.0154521
        9.99344      0.0154254
        9.99322      0.0151093
        9.99092      0.0149838
        9.99156      0.0146999
        9.99185       0.014417
        9.98825      0.0145988
        9.98562      0.0145705
        9.98335       0.014484
        9.98483       0.014297
        9.98233       0.014268
        9.98581      0.0144395
        9.98638      0.0142034
        9.98561      0.0139871
        9.98756       0.013892
        9.98879      0.0137188
        9.98538      0.0139264
        9.98629       0.013736
        9.98746      0.0135717
        9.98897       0.013448
        9.98871      0.0132487
        9.98904      0.0130561
        9.98868      0.0128709
        9.98937      0.0127036
         9.9897      0.0125273
        9.98893      0.0123771
         9.9892      0.0122092
         9.9868      0.0122829
        9.98637      0.0121263
        9.98647       0.011966
        9.98792      0.0118967
        9.98565      0.0119626
        9.98734      0.0119277
        9.98679      0.0117912
        9.98743      0.0116616
        9.98593      0.0116174
        9.98671      0.0115023
        9.98724      0.0113764
        9.98794      0.0112626
        9.98725      0.0111527
        9.98589      0.0111097
         9.9858      0.0109832
        9.98701      0.0109252
        9.98793      0.0108411
        9.98771      0.0107238
        9.98628      0.0107037
        9.98624      0.0105881
        9.98695      0.0104981
        9.98684      0.0103877
        9.98665       0.010281
        9.98551      0.0102391
        9.98435      0.0102008
         9.9848      0.0101065
        9.98351       0.010089
