        9.85058              0
        9.85327     0.00268946
        9.96005       0.106219
        9.95846      0.0751368
        10.0066       0.075262
        10.0192      0.0626446
         10.039      0.0564151
        10.0302      0.0496795
        10.0187      0.0453565
        10.0164      0.0406411
         10.017      0.0367634
        10.0029      0.0364203
        9.99046      0.0357886
        9.99403      0.0333137
        10.0104        0.03501
        10.0183      0.0336657
        10.0373      0.0368372
        10.0382      0.0347398
         10.033      0.0333023
        10.0375      0.0319118
        10.0323      0.0308124
        10.0373      0.0297857
        10.0342       0.028641
        10.0288      0.0279661
        10.0226      0.0275575
        10.0145      0.0276978
        10.0222      0.0277228
         10.018      0.0270616
        10.0188      0.0261243
        10.0114      0.0263387
        10.0074       0.025793
        10.0092      0.0250326
        10.0154      0.0250222
        10.0153      0.0242753
        10.0195      0.0239425
         10.017      0.0234132
         10.018      0.0227904
        10.0198      0.0222523
        10.0165      0.0219369
        10.0152      0.0214212
        10.0077       0.022203
        10.0125      0.0221801
        10.0148       0.021777
         10.014       0.021296
        10.0112      0.0210074
        10.0053      0.0213801
         10.001      0.0213672
        10.0047      0.0212374
        10.0124      0.0221633
        10.0178      0.0223707
        10.0154      0.0220721
        10.0189      0.0219211
        10.0159      0.0217191
        10.0153       0.021324
        10.0154      0.0209329
        10.0142      0.0205926
        10.0137      0.0202366
        10.0122      0.0199415
        10.0115      0.0196153
        10.0112      0.0192882
        10.0089      0.0191074
        10.0071      0.0188941
        10.0066      0.0185993
        10.0057       0.018327
        10.0059      0.0180436
        10.0058      0.0177687
         10.006      0.0175021
        10.0104      0.0177826
        10.0082      0.0176583
        10.0106      0.0175585
        10.0122        0.01738
        10.0118      0.0171416
        10.0129       0.016936
        10.0123      0.0167149
        10.0128      0.0164963
        10.0145      0.0163686
        10.0134      0.0161994
        10.0135      0.0159912
        10.0112      0.0159591
        10.0116       0.015762
        10.0109      0.0155852
        10.0109       0.015394
        10.0138      0.0154891
        10.0125       0.015361
        10.0117      0.0152057
        10.0104      0.0150802
        10.0125      0.0150527
        10.0131      0.0148922
        10.0142      0.0147568
        10.0126      0.0146806
        10.0116      0.0145503
        10.0098      0.0145031
        10.0096      0.0143479
        10.0094      0.0141966
        10.0079      0.0141303
        10.0078      0.0139828
         10.009      0.0138888
        10.0097      0.0137618
        10.0091      0.0136345
        10.0082      0.0135276
