              1              0
        1.41419     0.00138334
        1.73071     0.00196441
        1.99734     0.00221802
        2.23439     0.00250877
        2.44657     0.00263885
        2.64498     0.00292349
        2.83186     0.00317061
        3.00071     0.00334906
        3.16368     0.00365829
        3.31944     0.00417866
         3.4669      0.0043517
        3.60779      0.0044802
        3.74177     0.00446507
        3.87425     0.00473165
        4.00119     0.00493034
        4.12222     0.00502918
        4.24335     0.00509431
        4.36184     0.00523564
        4.47036     0.00522535
        4.57972     0.00507765
        4.68859     0.00519763
        4.79548      0.0054323
        4.89628     0.00575753
        4.99824     0.00626341
        5.09821     0.00647389
        5.19738     0.00653988
        5.29139     0.00641747
        5.38355     0.00663496
        5.47291     0.00675703
        5.56341     0.00672885
        5.65487     0.00668812
        5.74102     0.00669113
         5.8258     0.00695839
        5.91414     0.00720789
        5.99679     0.00722816
        6.08023     0.00737757
        6.16295      0.0074999
        6.24337     0.00791656
        6.32059     0.00756606
         6.3979     0.00746365
        6.47675     0.00790255
        6.55164      0.0081525
        6.62736     0.00809303
        6.70267     0.00822074
        6.77571     0.00839874
        6.84757     0.00875034
        6.92219     0.00861661
        6.99397     0.00857535
        7.06742      0.0084253
        7.13582     0.00821036
        7.20708     0.00812063
        7.27736     0.00817729
        7.34149     0.00830562
        7.41022     0.00854142
        7.48014     0.00885301
         7.5474     0.00867795
        7.61386     0.00878115
        7.67616     0.00874313
        7.74388     0.00896397
        7.81036     0.00923929
        7.87565     0.00951963
        7.93518     0.00956187
        7.99798     0.00948609
        8.06057     0.00975183
        8.12324     0.00979364
        8.18222     0.00967726
        8.24346      0.0100431
        8.30631     0.00986514
        8.36695     0.00966857
        8.42514      0.0100286
        8.48531      0.0102653
        8.54235      0.0104592
        8.60092      0.0104394
        8.66253        0.01033
        8.72078      0.0105892
        8.77912      0.0109832
        8.83644      0.0107862
         8.8946      0.0108226
        8.95069      0.0109901
        9.00544      0.0110385
         9.0615      0.0111179
        9.11494      0.0112171
        9.17061      0.0114605
        9.22497      0.0117705
        9.28224      0.0119675
        9.33693       0.011828
        9.39035      0.0122043
        9.44232      0.0118113
        9.49498      0.0120347
        9.54545      0.0123619
        9.59975      0.0127926
        9.65203      0.0128144
        9.70369      0.0126869
        9.75565      0.0127159
        9.80793      0.0128081
        9.85731      0.0129481
        9.90564      0.0129756
        9.95832      0.0132282
        10.0082      0.0135276
