        1.00034              0
        1.00078    0.000439331
         1.0006     0.00031462
        1.00017    0.000483695
       0.999772     0.00054577
       0.999766    0.000445659
        1.00002    0.000452967
        1.00012    0.000405279
        1.00025    0.000379623
       0.999895    0.000489031
        0.99996    0.000447044
       0.999773    0.000449037
       0.999743    0.000414133
       0.999794    0.000386779
        0.99968    0.000377718
       0.999734    0.000357496
       0.999856    0.000357127
       0.999841    0.000337032
        0.99987    0.000320172
       0.999858     0.00030397
       0.999863    0.000289171
       0.999875     0.00027597
       0.999829    0.000267608
       0.999844    0.000256615
       0.999803    0.000249571
       0.999866    0.000248147
       0.999799    0.000248017
       0.999799    0.000238996
       0.999719    0.000243858
         0.9997    0.000236402
       0.999717    0.000229308
       0.999717    0.000222028
        0.99977    0.000221682
       0.999782     0.00021538
        0.99979    0.000209293
       0.999769    0.000204448
       0.999735    0.000201661
       0.999798    0.000205857
       0.999878    0.000216193
        0.99987    0.000210894
       0.999945    0.000218964
       0.999925    0.000214578
       0.999917    0.000209685
       0.999895    0.000206071
       0.999904     0.00020163
       0.999888    0.000197795
       0.999907     0.00019446
       0.999881    0.000192185
       0.999862    0.000189173
       0.999808    0.000192936
       0.999806    0.000189132
        0.99983    0.000187043
       0.999832    0.000183486
       0.999811    0.000181296
       0.999824    0.000178467
       0.999833    0.000175468
       0.999848    0.000173038
       0.999805    0.000175358
       0.999787    0.000173244
       0.999745    0.000175487
       0.999758    0.000173074
       0.999752    0.000170368
       0.999761    0.000167888
       0.999774    0.000165703
       0.999781    0.000163289
       0.999813    0.000164007
       0.999829    0.000162377
       0.999839    0.000160255
        0.99981    0.000160569
       0.999785    0.000160237
       0.999752    0.000161315
       0.999732    0.000160287
       0.999748    0.000158818
       0.999798    0.000164516
       0.999814    0.000163066
       0.999826    0.000161381
       0.999873    0.000166111
       0.999865    0.000164162
       0.999873    0.000162264
        0.99989    0.000161111
       0.999886    0.000159158
        0.99991    0.000159064
       0.999867    0.000163086
       0.999859    0.000161292
        0.99989    0.000162319
       0.999932    0.000165675
       0.999953    0.000165107
       0.999975    0.000164785
       0.999968    0.000163084
       0.999946     0.00016282
       0.999948    0.000161041
       0.999931    0.000160151
       0.999937    0.000158515
         0.9999    0.000161038
       0.999912    0.000159756
         0.9999    0.000158553
       0.999898    0.000156921
       0.999885    0.000155874
       0.999867    0.000155334
       0.999862    0.000153854